time 	e1	e2	ctrlpitch	ctrlroll	ctrlthrust	ctrlyaw	edx	edy	edz	cumulx	cumuly	cumulz	x	y	z	dxr	dyr	dzr	dxrT	dyrT	dzrT	dxrUn	dyrUn	dzrUn	dxd	dyd	dzd	pitch	roll	yaw	yawd	eyaw	kpvx	kpvy	kpvz	kivx	kivy	kivz	kdvx	kdvy	kdvz	ktg	veld	pitchoff	ke1	ke2	gravity	thr_vel
0.128163	0	0	0	0	0	0	0	0	0	0	0	0	0	0	0	0	0	0	0	0	0	0	0	0	0	0	0	0	0	0	0	0	-1000	1000	-500	-10	10	-10	-0	0	-0	0.2	0.2	177	-1	-1	2560	0.07
0.153319	0	0	0	0	0	0	0	0	0	0	0	0	-3.39586	0	0.405126	0	0	0.07	0	0	0.07	0	0	3.54922	0	0	0	0	0	0.0136795	0	0	-1000	1000	-500	-10	10	-10	-0	0	-0	0.2	0.2	177	-1	-1	2560	0.07
0.188569	0	0	0	0	0	0	0	0	0	0	0	0	-3.50224	0.00762944	0.405126	-0.0752833	-0.064284	0.14	-0.07	-0.07	0.14	-3.46462	-4.12139	3.54922	0	0	0	0	0	0.0786476	0	0	-1000	1000	-500	-10	10	-10	-0	0	-0	0.2	0.2	177	-1	-1	2560	0.07
0.218777	0	0	0	0	0	0	0	0	0	0	0	0	-3.39586	0.200268	0.845706	0	0	0.21	0	0	0.21	4.22875	8.01317	17.5132	0	0	0	0	0	0.0136795	0	0	-1000	1000	-500	-10	10	-10	-0	0	-0	0.2	0.2	177	-1	-1	2560	0.07
0.257834	0	0	0	0	0	0	0	0	0	0	0	0	-3.32285	0.249683	1.05727	0.0705139	0.0694823	0.28	0.07	0.07	0.28	0.506922	2.75976	0.575185	0	0	0	0	0	0.00736899	0	0	-1000	1000	-500	-10	10	-10	-0	0	-0	0.2	0.2	177	-1	-1	2560	0.07
0.284695	0	0	0	0	0	0	0	0	0	0	0	0	-3.32285	0.249683	1.05727	0.141028	0.138965	0.35	0.14	0.14	0.35	0.506922	2.75976	0.575185	0	0	0	0	0	0.00736899	0	0	-1000	1000	-500	-10	10	-10	-0	0	-0	0.2	0.2	177	-1	-1	2560	0.07
0.319846	0	0	0	0	0	0	0	0	0	0	0	0	-3.49858	0.0127756	-0.543743	0.0896523	0.202392	0.42	0.07	0.21	0.42	-0.605624	2.30121	0.575185	0	0	0	0	0	0.0952367	0	0	-1000	1000	-500	-10	10	-10	-0	0	-0	0.2	0.2	177	-1	-1	2560	0.07
0.353197	0	0	0	0	0	0	0	0	0	0	0	0	-3.51631	0.0127756	-0.586148	0.0283046	0.278566	0.35	0	0.28	0.35	-0.605624	0.543722	-1.27191	0	0	0	0	0	0.101261	0	0	-1000	1000	-500	-10	10	-10	-0	0	-0	0.2	0.2	177	-1	-1	2560	0.07
0.38696	0	0	0	0	0	0	0	0	0	0	0	0	-3.51631	0.0127756	-0.575203	0.105022	0.341131	0.324068	0.07	0.35	0.324068	0.106613	0.543722	0.324068	0	0	0	0	0	0.101261	0	0	-1000	1000	-500	-10	10	-10	-0	0	-0	0.2	0.2	177	-1	-1	2560	0.07
0.419848	0	0	0	0	0	0	0	0	0	0	0	0	-3.50839	0.0092019	-0.586148	0.160961	0.263833	0.254068	0.13083	0.28	0.254068	0.13083	-0.642509	-0.788709	0	0	0	0	0	0.110698	0	0	-1000	1000	-500	-10	10	-10	-0	0	-0	0.2	0.2	177	-1	-1	2560	0.07
0.45207	0	0	0	0	0	0	0	0	0	0	0	0	-3.5041	-0.0500801	-0.601114	0.22664	0.181843	0.184068	0.20083	0.21	0.184068	0.234437	-0.725313	-0.788709	0	0	0	0	0	0.131547	0	0	-1000	1000	-500	-10	10	-10	-0	0	-0	0.2	0.2	177	-1	-1	2560	0.07
0.482207	0	0	0	0	0	0	0	0	0	0	0	0	-3.5041	-0.0734722	-0.601114	0.149329	0.120072	0.114068	0.13083	0.14	0.114068	0.13083	-1.80446	-0.788709	0	0	0	0	0	0.142021	0	0	-1000	1000	-500	-10	10	-10	-0	0	-0	0.2	0.2	177	-1	-1	2560	0.07
0.517794	0	0	0	0	0	0	0	0	0	0	0	0	-3.50986	-0.073699	-0.58477	0.0711325	0.0595017	0.184068	0.06083	0.07	0.184068	-0.00981648	-0.725313	1.05182	0	0	0	0	0	0.158776	0	0	-1000	1000	-500	-10	10	-10	-0	0	-0	0.2	0.2	177	-1	-1	2560	0.07
0.553297	0	0	0	0	0	0	0	0	0	0	0	0	-3.50986	-0.073699	-0.58477	0.0133218	0.139666	0.254068	-0.00917002	0.14	0.254068	-0.00981648	0.225401	1.05182	0	0	0	0	0	0.160502	0	0	-1000	1000	-500	-10	10	-10	-0	0	-0	0.2	0.2	177	-1	-1	2560	0.07
0.582609	0	0	0	0	0	0	0	0	0	0	0	0	-3.509	-0.0656957	-0.597118	0.0236532	0.208894	0.324068	-0.00981648	0.21	0.324068	-0.00981648	0.551267	0.671571	0	0	0	0	0	0.159461	0	0	-1000	1000	-500	-10	10	-10	-0	0	-0	0.2	0.2	177	-1	-1	2560	0.07
0.616568	0	0	0	0	0	0	0	0	0	0	0	0	-3.509	-0.0495408	-0.597118	0.0220887	0.28007	0.353373	-0.0229542	0.28	0.353373	-0.0229542	0.430166	0.353373	0	0	0	0	0	0.160502	0	0	-1000	1000	-500	-10	10	-10	-0	0	-0	0.2	0.2	177	-1	-1	2560	0.07
0.651303	0	0	0	0	0	0	0	0	0	0	0	0	-3.509	-0.0349323	-0.595476	0.0329122	0.349204	0.353373	-0.0229542	0.35	0.353373	-0.0229542	0.551267	0.353373	0	0	0	0	0	0.159461	0	0	-1000	1000	-500	-10	10	-10	-0	0	-0	0.2	0.2	177	-1	-1	2560	0.07
0.682609	0	0	0	0	0	0	0	0	0	0	0	0	-3.50978	0.02438	-0.585117	0.0421324	0.418511	0.353373	-0.0229542	0.42	0.353373	-0.0229542	0.430166	0.353373	0	0	0	0	0	0.154932	0	0	-1000	1000	-500	-10	10	-10	-0	0	-0	0.2	0.2	177	-1	-1	2560	0.07
0.716245	0	0	0	0	0	0	0	0	0	0	0	0	-3.5108	0.02438	-0.573098	0.100492	0.338548	0.283373	0.0470458	0.35	0.283373	0.0583457	-1.92854	-0.298298	0	0	0	0	0	0.154932	0	0	-1000	1000	-500	-10	10	-10	-0	0	-0	0.2	0.2	177	-1	-1	2560	0.07
0.747005	0	0	0	0	0	0	0	0	0	0	0	0	-3.5108	-0.0405001	-0.573098	0.108082	0.264807	0.213373	0.0583457	0.28	0.213373	0.0583457	-1.92854	-0.714026	0	0	0	0	0	0.182077	0	0	-1000	1000	-500	-10	10	-10	-0	0	-0	0.2	0.2	177	-1	-1	2560	0.07
0.784031	0	0	0	0	0	0	0	0	0	0	0	0	-3.5108	-0.0405001	-0.573098	0.0954065	0.195964	0.143373	0.0583457	0.21	0.143373	0.0583457	-0.616802	-0.714026	0	0	0	0	0	0.182077	0	0	-1000	1000	-500	-10	10	-10	-0	0	-0	0.2	0.2	177	-1	-1	2560	0.07
0.811045	0	0	0	0	0	0	0	0	0	0	0	0	-3.53309	0.0888915	0.19991	0.00481474	0.140402	0.0733734	-0.0116543	0.14	0.0733734	-0.0519444	0.0863987	-0.211718	0	0	0	0	0	0.117333	0	0	-1000	1000	-500	-10	10	-10	-0	0	-0	0.2	0.2	177	-1	-1	2560	0.07
0.850747	0	0	0	0	0	0	0	0	0	0	0	0	-3.53309	0.0888915	0.205628	-0.0414731	0.0918855	0.143373	-0.0519444	0.0863987	0.143373	-0.0519444	0.0863987	0.252831	0	0	0	0	0	0.117333	0	0	-1000	1000	-500	-10	10	-10	-0	0	-0	0.2	0.2	177	-1	-1	2560	0.07
0.875878	0	0	0	0	0	0	0	0	0	0	0	0	-3.53334	0.0700498	0.19991	-0.0494344	0.0228775	0.0733734	-0.0519444	0.0163987	0.0733734	-0.0519444	-0.296284	-0.211718	0	0	0	0	0	0.12764	0	0	-1000	1000	-500	-10	10	-10	-0	0	-0	0.2	0.2	177	-1	-1	2560	0.07
0.913841	0	0	0	0	0	0	0	0	0	0	0	0	-3.53334	0.0664147	0.183916	-0.05573	-0.0465125	0.143373	-0.0489505	-0.0536013	0.143373	-0.0489505	-0.296284	0.248539	0	0	0	0	0	0.135231	0	0	-1000	1000	-500	-10	10	-10	-0	0	-0	0.2	0.2	177	-1	-1	2560	0.07
0.943164	0	0	0	0	0	0	0	0	0	0	0	0	-3.53334	0.0626036	0.178764	-0.0657038	-0.11557	0.0733734	-0.0489505	-0.123601	0.0733734	-0.0489505	-0.296284	-0.175688	0	0	0	0	0	0.139867	0	0	-1000	1000	-500	-10	10	-10	-0	0	-0	0.2	0.2	177	-1	-1	2560	0.07
0.981943	0	0	0	0	0	0	0	0	0	0	0	0	-3.53519	0.0664147	0.183916	-0.0560316	-0.0461487	0.143373	-0.0489505	-0.0536013	0.143373	-0.0489505	0.100389	0.248539	0	0	0	0	0	0.141741	0	0	-1000	1000	-500	-10	10	-10	-0	0	-0	0.2	0.2	177	-1	-1	2560	0.07
1.00652	0	0	0	0	0	0	0	0	0	0	0	0	-3.53412	0.0593704	0.179763	0.00320465	-0.12534	0.0733734	0.0210495	-0.123601	0.0733734	0.0507463	-0.337707	-0.175688	0	0	0	0	0	0.143122	0	0	-1000	1000	-500	-10	10	-10	-0	0	-0	0.2	0.2	177	-1	-1	2560	0.07
1.04678	0	0	0	0	0	0	0	0	0	0	0	0	-3.53422	0.0638956	0.187516	-0.010585	-0.0526093	0.143373	-0.00258486	-0.0536013	0.143373	-0.00258486	0.112413	0.192607	0	0	0	0	0	0.150362	0	0	-1000	1000	-500	-10	10	-10	-0	0	-0	0.2	0.2	177	-1	-1	2560	0.07
1.07758	0	0	0	0	0	0	0	0	0	0	0	0	-3.53412	0.0638956	0.181572	0.0344848	0.0112718	0.0733734	0.0323625	0.0163987	0.0733734	0.0323625	0.0614316	-0.192902	0	0	0	0	0	0.153093	0	0	-1000	1000	-500	-10	10	-10	-0	0	-0	0.2	0.2	177	-1	-1	2560	0.07
1.10679	0	0	0	0	0	0	0	0	0	0	0	0	-3.53416	0.0657885	0.181572	0.0110243	0.0857315	0.0033734	-0.00258486	0.0863987	0.0033734	-0.00258486	0.112413	-0.192902	0	0	0	0	0	0.157798	0	0	-1000	1000	-500	-10	10	-10	-0	0	-0	0.2	0.2	177	-1	-1	2560	0.07
1.14284	0	0	0	0	0	0	0	0	0	0	0	0	-3.53416	0.0692597	0.174757	0.0178249	0.117498	-0.0666266	-0.00126497	0.118836	-0.0666266	-0.00126497	0.118836	-0.192902	0	0	0	0	0	0.1612	0	0	-1000	1000	-500	-10	10	-10	-0	0	-0	0.2	0.2	177	-1	-1	2560	0.07
1.17905	0	0	0	0	0	0	0	0	0	0	0	0	-3.53421	0.0839165	0.171497	0.00972485	0.118823	-0.136627	-0.00956647	0.118836	-0.136627	-0.00956647	0.118836	-0.233303	0	0	0	0	0	0.16199	0	0	-1000	1000	-500	-10	10	-10	-0	0	-0	0.2	0.2	177	-1	-1	2560	0.07
1.20824	0	0	0	0	0	0	0	0	0	0	0	0	-3.53455	0.0883381	0.160377	0.0156386	0.150946	-0.0904331	-0.00956647	0.151452	-0.0904331	-0.00956647	0.151452	-0.0904331	0	0	0	0	0	0.166318	0	0	-1000	1000	-500	-10	10	-10	-0	0	-0	0.2	0.2	177	-1	-1	2560	0.07
1.2395	0	0	0	0	0	0	0	0	0	0	0	0	-3.53704	0.0839165	0.159589	-0.0285648	0.0875215	-0.160433	-0.0429135	0.0814517	-0.160433	-0.0429135	-0.153233	-0.328977	0	0	0	0	0	0.169428	0	0	-1000	1000	-500	-10	10	-10	-0	0	-0	0.2	0.2	177	-1	-1	2560	0.07
1.27323	0	0	0	0	0	0	0	0	0	0	0	0	-3.53704	0.0842931	0.15668	-0.0295858	0.0781407	-0.0904331	-0.0429135	0.0716918	-0.0904331	-0.0429135	0.0716918	0.0269877	0	0	0	0	0	0.177434	0	0	-1000	1000	-500	-10	10	-10	-0	0	-0	0.2	0.2	177	-1	-1	2560	0.07
1.30511	0	0	0	0	0	0	0	0	0	0	0	0	-3.53838	0.0842931	0.155032	-0.0291736	0.0782955	-0.0517509	-0.0429135	0.0716918	-0.0517509	-0.0429135	0.0716918	-0.0517509	0	0	0	0	0	0.182705	0	0	-1000	1000	-500	-10	10	-10	-0	0	-0	0.2	0.2	177	-1	-1	2560	0.07
1.34129	0	0	0	0	0	0	0	0	0	0	0	0	-3.53594	0.0842931	0.155032	0.0397864	0.0655014	-0.0517509	0.0270865	0.0716918	-0.0517509	0.0723773	0.0716918	-0.0517509	0	0	0	0	0	0.184614	0	0	-1000	1000	-500	-10	10	-10	-0	0	-0	0.2	0.2	177	-1	-1	2560	0.07
1.36905	0	0	0	0	0	0	0	0	0	0	0	0	-3.53934	0.0939891	0.140232	-0.0157698	0.147205	-0.0517509	-0.0429135	0.141692	-0.0517509	-0.106949	0.304438	-0.0517509	0	0	0	0	0	0.187362	0	0	-1000	1000	-500	-10	10	-10	-0	0	-0	0.2	0.2	177	-1	-1	2560	0.07
1.40519	0	0	0	0	0	0	0	0	0	0	0	0	-3.53536	0.0924194	0.137998	0.0402234	0.065234	-0.0720499	0.0270865	0.0716918	-0.0720499	0.110009	-0.248257	-0.0720499	0	0	0	0	0	0.191299	0	0	-1000	1000	-500	-10	10	-10	-0	0	-0	0.2	0.2	177	-1	-1	2560	0.07
1.44121	0	0	0	0	0	0	0	0	0	0	0	0	-3.53835	0.101392	0.140232	-0.0153939	0.147245	-0.00204994	-0.0429135	0.141692	-0.00204994	-0.147555	0.781175	0.0804594	0	0	0	0	0	0.189916	0	0	-1000	1000	-500	-10	10	-10	-0	0	-0	0.2	0.2	177	-1	-1	2560	0.07
1.47256	0	0	0	0	0	0	0	0	0	0	0	0	-3.53835	0.11528	0.151289	-0.0512841	0.0831291	0.0679501	-0.0663385	0.0716918	0.0679501	-0.0663385	-0.168964	0.0858544	0	0	0	0	0	0.193865	0	0	-1000	1000	-500	-10	10	-10	-0	0	-0	0.2	0.2	177	-1	-1	2560	0.07
1.50159	0	0	0	0	0	0	0	0	0	0	0	0	-3.5388	0.120577	0.151289	-0.0375477	0.15188	0.0858544	-0.0663385	0.141692	0.0858544	-0.0663385	0.198586	0.0858544	0	0	0	0	0	0.195516	0	0	-1000	1000	-500	-10	10	-10	-0	0	-0	0.2	0.2	177	-1	-1	2560	0.07
1.53616	0	0	0	0	0	0	0	0	0	0	0	0	-3.5388	0.119944	0.147722	0.0176656	0.0695777	0.0158544	0.00366149	0.0716918	0.0158544	0.00855782	-0.0318408	-0.0985631	0	0	0	0	0	0.197615	0	0	-1000	1000	-500	-10	10	-10	-0	0	-0	0.2	0.2	177	-1	-1	2560	0.07
1.56889	0	0	0	0	0	0	0	0	0	0	0	0	-3.53865	0.121045	0.147722	0.0367455	0.137112	-0.0541456	0.00855782	0.141692	-0.0541456	0.00855782	0.198586	-0.0985631	0	0	0	0	0	0.20152	0	0	-1000	1000	-500	-10	10	-10	-0	0	-0	0.2	0.2	177	-1	-1	2560	0.07
1.60654	0	0	0	0	0	0	0	0	0	0	0	0	-3.53851	0.119944	0.15076	0.022809	0.0685033	-0.0985631	0.00855782	0.0716918	-0.0985631	0.00855782	-0.0318408	-0.0985631	0	0	0	0	0	0.20261	0	0	-1000	1000	-500	-10	10	-10	-0	0	-0	0.2	0.2	177	-1	-1	2560	0.07
1.63623	0	0	0	0	0	0	0	0	0	0	0	0	-3.53836	0.108758	0.163848	0.0231848	0.125341	-0.0285631	-0.00437402	0.127392	-0.0285631	-0.00437402	0.127392	0.596999	0	0	0	0	0	0.217227	0	0	-1000	1000	-500	-10	10	-10	-0	0	-0	0.2	0.2	177	-1	-1	2560	0.07
1.67708	0	0	0	0	0	0	0	0	0	0	0	0	-3.53828	0.108758	0.169993	0.0296138	0.123918	0.0414369	0.00196887	0.127392	0.0414369	0.00196887	0.127392	0.199691	0	0	0	0	0	0.219125	0	0	-1000	1000	-500	-10	10	-10	-0	0	-0	0.2	0.2	177	-1	-1	2560	0.07
1.69831	0	0	0	0	0	0	0	0	0	0	0	0	-3.53828	0.111802	0.169993	0.0296551	0.123908	0.111437	0.00196887	0.127392	0.111437	0.00196887	0.127392	0.199691	0	0	0	0	0	0.219458	0	0	-1000	1000	-500	-10	10	-10	-0	0	-0	0.2	0.2	177	-1	-1	2560	0.07
1.73965	0	0	0	0	0	0	0	0	0	0	0	0	-3.53828	0.117211	0.163054	0.0453642	0.192119	0.138918	0.00196887	0.197392	0.138918	0.00196887	0.20693	0.138918	0	0	0	0	0	0.221904	0	0	-1000	1000	-500	-10	10	-10	-0	0	-0	0.2	0.2	177	-1	-1	2560	0.07
1.76872	0	0	0	0	0	0	0	0	0	0	0	0	-3.53895	0.122569	0.162447	0.0530956	0.118584	0.0689183	0.0255444	0.127392	0.0689183	0.0255444	0.00468708	-0.0208833	0	0	0	0	0	0.223085	0	0	-1000	1000	-500	-10	10	-10	-0	0	-0	0.2	0.2	177	-1	-1	2560	0.07
1.80112	0	0	0	0	0	0	0	0	0	0	0	0	-3.53895	0.122569	0.163054	0.0127451	0.0559593	0.138918	9.51864e-06	0.0573924	0.138918	9.51864e-06	0.00468708	0.138918	0	0	0	0	0	0.223771	0	0	-1000	1000	-500	-10	10	-10	-0	0	-0	0.2	0.2	177	-1	-1	2560	0.07
1.83463	0	0	0	0	0	0	0	0	0	0	0	0	-3.53895	0.11706	0.173965	0.00386615	-0.013834	0.208918	0.00688289	-0.0126076	0.208918	0.00688289	-0.0348169	0.319178	0	0	0	0	0	0.227198	0	0	-1000	1000	-500	-10	10	-10	-0	0	-0	0.2	0.2	177	-1	-1	2560	0.07
1.86799	0	0	0	0	0	0	0	0	0	0	0	0	-3.53872	0.115893	0.173965	-0.0120608	-0.0820118	0.278918	0.00688289	-0.0826076	0.278918	0.00688289	-0.174196	0.319178	0	0	0	0	0	0.229144	0	0	-1000	1000	-500	-10	10	-10	-0	0	-0	0.2	0.2	177	-1	-1	2560	0.07
1.90094	0	0	0	0	0	0	0	0	0	0	0	0	-3.53674	0.107723	0.156783	-0.0285174	-0.150077	0.208918	0.00688289	-0.152608	0.208918	0.00688289	-0.204932	0.190769	0	0	0	0	0	0.232851	0	0	-1000	1000	-500	-10	10	-10	-0	0	-0	0.2	0.2	177	-1	-1	2560	0.07
1.93628	0	0	0	0	0	0	0	0	0	0	0	0	-3.53674	0.100969	0.156783	-0.0983191	-0.187131	0.190769	-0.0518412	-0.204932	0.190769	-0.0518412	-0.204932	0.190769	0	0	0	0	0	0.235993	0	0	-1000	1000	-500	-10	10	-10	-0	0	-0	0.2	0.2	177	-1	-1	2560	0.07
1.96689	0	0	0	0	0	0	0	0	0	0	0	0	-3.54223	0.0985311	0.192002	-0.121849	-0.181287	0.190769	-0.0755984	-0.204932	0.190769	-0.0755984	-0.204932	0.190769	0	0	0	0	0	0.238372	0	0	-1000	1000	-500	-10	10	-10	-0	0	-0	0.2	0.2	177	-1	-1	2560	0.07
1.99972	0	0	0	0	0	0	0	0	0	0	0	0	-3.54257	0.0985311	0.192002	-0.105321	-0.113266	0.120769	-0.0755984	-0.134932	0.120769	-0.0755984	-0.0689885	-0.107041	0	0	0	0	0	0.238372	0	0	-1000	1000	-500	-10	10	-10	-0	0	-0	0.2	0.2	177	-1	-1	2560	0.07
2.03236	0	0	0	0	0	0	0	0	0	0	0	0	-3.54257	0.0918598	0.184337	-0.0544072	-0.197657	0.0507692	-0.00559838	-0.204932	0.0507692	0.0602694	-0.217986	-0.233496	0	0	0	0	0	0.241297	0	0	-1000	1000	-500	-10	10	-10	-0	0	-0	0.2	0.2	177	-1	-1	2560	0.07
2.06546	0	0	0	0	0	0	0	0	0	0	0	0	-3.53285	0.0753499	0.157404	0.0253362	-0.145592	-0.0192308	0.0602694	-0.134932	-0.0192308	0.0602694	-0.0265182	-0.233496	0	0	0	0	0	0.247782	0	0	-1000	1000	-500	-10	10	-10	-0	0	-0	0.2	0.2	177	-1	-1	2560	0.07
2.10059	0	0	0	0	0	0	0	0	0	0	0	0	-3.53281	0.0753499	0.157404	-0.0147859	-0.0632367	0.0295618	0.00117471	-0.0649316	0.0295618	0.00117471	-0.0265182	0.0295618	0	0	0	0	0	0.247782	0	0	-1000	1000	-500	-10	10	-10	-0	0	-0	0.2	0.2	177	-1	-1	2560	0.07
2.13542	0	0	0	0	0	0	0	0	0	0	0	0	-3.53281	0.0778478	0.157404	-0.00539451	-0.0259903	0.0295618	0.00117471	-0.0265182	0.0295618	0.00117471	-0.0265182	0.0295618	0	0	0	0	0	0.248922	0	0	-1000	1000	-500	-10	10	-10	-0	0	-0	0.2	0.2	177	-1	-1	2560	0.07
2.16517	0	0	0	0	0	0	0	0	0	0	0	0	-3.53264	0.0778478	0.156954	-0.019212	-0.0947069	-0.0404382	0.00476831	-0.0965182	-0.0404382	0.00476831	-0.191641	-0.200499	0	0	0	0	0	0.249504	0	0	-1000	1000	-500	-10	10	-10	-0	0	-0	0.2	0.2	177	-1	-1	2560	0.07
2.1952	0	0	0	0	0	0	0	0	0	0	0	0	-3.52942	0.0724426	0.15124	-0.0369981	-0.162426	-0.110438	0.00476831	-0.166518	-0.110438	0.00476831	-0.191641	-0.200499	0	0	0	0	0	0.252591	0	0	-1000	1000	-500	-10	10	-10	-0	0	-0	0.2	0.2	177	-1	-1	2560	0.07
2.23145	0	0	0	0	0	0	0	0	0	0	0	0	-3.52908	0.0701308	0.150989	-0.0135176	-0.0961959	-0.0404382	0.0109823	-0.0965182	-0.0404382	0.0109823	-0.0762624	-0.0385177	0	0	0	0	0	0.252906	0	0	-1000	1000	-500	-10	10	-10	-0	0	-0	0.2	0.2	177	-1	-1	2560	0.07
2.26378	0	0	0	0	0	0	0	0	0	0	0	0	-3.52926	0.0708471	0.15124	-0.0138085	-0.023808	0.00838023	-0.00736738	-0.0265182	0.00838023	-0.00736738	0.0361183	0.00838023	0	0	0	0	0	0.254591	0	0	-1000	1000	-500	-10	10	-10	-0	0	-0	0.2	0.2	177	-1	-1	2560	0.07
2.29582	0	0	0	0	0	0	0	0	0	0	0	0	-3.52914	0.0698458	0.149845	-0.00429826	-0.0311777	-0.0385177	0.00373076	-0.0312507	-0.0385177	0.00373076	-0.0312507	-0.0385177	0	0	0	0	0	0.255819	0	0	-1000	1000	-500	-10	10	-10	-0	0	-0	0.2	0.2	177	-1	-1	2560	0.07
2.32975	0	0	0	0	0	0	0	0	0	0	0	0	-3.52914	0.0698458	0.14899	0.00166328	-0.00833842	-0.0458487	0.00373076	-0.00764049	-0.0458487	0.00373076	-0.00764049	-0.0458487	0	0	0	0	0	0.257347	0	0	-1000	1000	-500	-10	10	-10	-0	0	-0	0.2	0.2	177	-1	-1	2560	0.07
2.36398	0	0	0	0	0	0	0	0	0	0	0	0	-3.52711	0.0695866	0.14899	0.020746	-0.0378135	-0.0458487	0.0297263	-0.0312507	-0.0458487	0.0297263	-0.0312507	-0.0458487	0	0	0	0	0	0.258603	0	0	-1000	1000	-500	-10	10	-10	-0	0	-0	0.2	0.2	177	-1	-1	2560	0.07
2.39787	0	0	0	0	0	0	0	0	0	0	0	0	-3.52609	0.0695866	0.149229	0.0267421	-0.0150628	-0.0458487	0.0297263	-0.00764049	-0.0458487	0.0297263	-0.00764049	-0.0458487	0	0	0	0	0	0.261387	0	0	-1000	1000	-500	-10	10	-10	-0	0	-0	0.2	0.2	177	-1	-1	2560	0.07
2.43061	0	0	0	0	0	0	0	0	0	0	0	0	-3.52562	0.066817	0.149779	-0.00673791	-0.0785735	0.0167931	0.0138257	-0.0776405	0.0167931	0.0138257	-0.127178	0.0167931	0	0	0	0	0	0.261769	0	0	-1000	1000	-500	-10	10	-10	-0	0	-0	0.2	0.2	177	-1	-1	2560	0.07
2.45941	0	0	0	0	0	0	0	0	0	0	0	0	-3.52562	0.0709774	0.149229	0.00117765	-0.00822418	-0.0509788	0.00326295	-0.00764049	-0.0509788	0.00326295	0.187373	-0.0509788	0	0	0	0	0	0.261387	0	0	-1000	1000	-500	-10	10	-10	-0	0	-0	0.2	0.2	177	-1	-1	2560	0.07
2.49768	0	0	0	0	0	0	0	0	0	0	0	0	-3.52791	0.110074	0.120385	-0.0126528	0.0676545	-0.0894468	-0.0291294	0.0623595	-0.0894468	-0.0291294	0.262234	-0.0894468	0	0	0	0	0	0.252115	0	0	-1000	1000	-500	-10	10	-10	-0	0	-0	0.2	0.2	177	-1	-1	2560	0.07
2.5292	0	0	0	0	0	0	0	0	0	0	0	0	-3.52803	0.120108	0.120009	0.0047712	0.135443	-0.0894468	-0.0291294	0.13236	-0.0894468	-0.0291294	0.262234	-0.0894468	0	0	0	0	0	0.251836	0	0	-1000	1000	-500	-10	10	-10	-0	0	-0	0.2	0.2	177	-1	-1	2560	0.07
2.55761	0	0	0	0	0	0	0	0	0	0	0	0	-3.52803	0.120108	0.120009	0.0460317	0.0525467	-0.0194468	0.031486	0.0623595	-0.0194468	0.031486	0.0377219	0.0966162	0	0	0	0	0	0.251836	0	0	-1000	1000	-500	-10	10	-10	-0	0	-0	0.2	0.2	177	-1	-1	2560	0.07
2.59231	0	0	0	0	0	0	0	0	0	0	0	0	-3.52803	0.121297	0.123709	0.039926	0.0286395	0.0505532	0.031486	0.0377219	0.0505532	0.031486	0.0377219	0.0966162	0	0	0	0	0	0.253007	0	0	-1000	1000	-500	-10	10	-10	-0	0	-0	0.2	0.2	177	-1	-1	2560	0.07
2.62914	0	0	0	0	0	0	0	0	0	0	0	0	-3.52804	0.125494	0.123709	0.0187114	0.106426	-0.0194468	-0.00852446	0.107722	-0.0194468	-0.00852446	0.169749	-0.0739895	0	0	0	0	0	0.253007	0	0	-1000	1000	-500	-10	10	-10	-0	0	-0	0.2	0.2	177	-1	-1	2560	0.07
2.66265	0	0	0	0	0	0	0	0	0	0	0	0	-3.52804	0.131747	0.120984	0.034155	0.166495	-0.0894468	-0.00852446	0.169749	-0.0894468	-0.00852446	0.169749	-0.126092	0	0	0	0	0	0.252509	0	0	-1000	1000	-500	-10	10	-10	-0	0	-0	0.2	0.2	177	-1	-1	2560	0.07
2.69311	0	0	0	0	0	0	0	0	0	0	0	0	-3.52764	0.131747	0.120984	0.0517232	0.114218	-0.0739895	0.0215473	0.123519	-0.0739895	0.0215473	0.123519	-0.0739895	0	0	0	0	0	0.252509	0	0	-1000	1000	-500	-10	10	-10	-0	0	-0	0.2	0.2	177	-1	-1	2560	0.07
2.7279	0	0	0	0	0	0	0	0	0	0	0	0	-3.52585	0.135885	0.11676	0.0519078	0.114135	-0.126092	0.0215473	0.123519	-0.126092	0.0215473	0.123519	-0.126092	0	0	0	0	0	0.254127	0	0	-1000	1000	-500	-10	10	-10	-0	0	-0	0.2	0.2	177	-1	-1	2560	0.07
2.76029	0	0	0	0	0	0	0	0	0	0	0	0	-3.52585	0.136686	0.115916	-0.0333938	0.0640059	-0.0560922	-0.0484527	0.0535185	-0.0560922	-0.0580684	0.0102256	0.268315	0	0	0	0	0	0.25488	0	0	-1000	1000	-500	-10	10	-10	-0	0	-0	0.2	0.2	177	-1	-1	2560	0.07
2.7949	0	0	0	0	0	0	0	0	0	0	0	0	-3.52585	0.136686	0.109898	-0.0536142	0.024536	-0.126092	-0.0580684	0.0102256	-0.126092	-0.0580684	0.0102256	-0.173825	0	0	0	0	0	0.25488	0	0	-1000	1000	-500	-10	10	-10	-0	0	-0	0.2	0.2	177	-1	-1	2560	0.07
2.82181	0	0	0	0	0	0	0	0	0	0	0	0	-3.52581	0.131054	0.115916	-0.00368339	-0.0608423	-0.0560922	0.0119316	-0.0597744	-0.0560922	0.0555673	-0.172244	0.268315	0	0	0	0	0	0.257487	0	0	-1000	1000	-500	-10	10	-10	-0	0	-0	0.2	0.2	177	-1	-1	2560	0.07
2.85842	0	0	0	0	0	0	0	0	0	0	0	0	-3.5242	0.122784	0.134039	0.0198966	-0.139761	0.0139078	0.0555673	-0.129774	0.0139078	0.0555673	-0.172244	0.171811	0	0	0	0	0	0.263153	0	0	-1000	1000	-500	-10	10	-10	-0	0	-0	0.2	0.2	177	-1	-1	2560	0.07
2.89435	0	0	0	0	0	0	0	0	0	0	0	0	-3.5242	0.122784	0.140332	-0.0207979	-0.115184	0.0839078	0.00988051	-0.116629	0.0839078	0.00988051	-0.116629	0.34215	0	0	0	0	0	0.263153	0	0	-1000	1000	-500	-10	10	-10	-0	0	-0	0.2	0.2	177	-1	-1	2560	0.07
2.92482	0	0	0	0	0	0	0	0	0	0	0	0	-3.52643	0.152455	0.14255	-0.00905224	-0.0737271	0.153908	0.00988051	-0.0736207	0.153908	0.00988051	-0.0736207	0.171811	0	0	0	0	0	0.25558	0	0	-1000	1000	-500	-10	10	-10	-0	0	-0	0.2	0.2	177	-1	-1	2560	0.07
2.95378	0	0	0	0	0	0	0	0	0	0	0	0	-3.52643	0.152455	0.14255	0.014228	-0.0685577	0.0839078	0.0310977	-0.0627338	0.0839078	0.0310977	-0.0627338	-0.0701836	0	0	0	0	0	0.25558	0	0	-1000	1000	-500	-10	10	-10	-0	0	-0	0.2	0.2	177	-1	-1	2560	0.07
2.98951	0	0	0	0	0	0	0	0	0	0	0	0	-3.52569	0.15064	0.140519	0.0114252	-0.0790983	0.0139078	0.0310977	-0.0736207	0.0139078	0.0310977	-0.0736207	-0.291806	0	0	0	0	0	0.256219	0	0	-1000	1000	-500	-10	10	-10	-0	0	-0	0.2	0.2	177	-1	-1	2560	0.07
3.02575	0	0	0	0	0	0	0	0	0	0	0	0	-3.52569	0.142727	0.133871	-0.0409906	-0.13772	-0.0560922	-0.00449875	-0.143621	-0.0560922	-0.00449875	-0.221319	-0.0701836	0	0	0	0	0	0.257974	0	0	-1000	1000	-500	-10	10	-10	-0	0	-0	0.2	0.2	177	-1	-1	2560	0.07
3.05686	0	0	0	0	0	0	0	0	0	0	0	0	-3.52613	0.135709	0.133871	-0.0590908	-0.205335	0.0139078	-0.00449875	-0.213621	0.0139078	-0.00449875	-0.221319	0.104447	0	0	0	0	0	0.25915	0	0	-1000	1000	-500	-10	10	-10	-0	0	-0	0.2	0.2	177	-1	-1	2560	0.07
3.08922	0	0	0	0	0	0	0	0	0	0	0	0	-3.52613	0.135709	0.135005	-0.0269899	-0.141427	0.0839078	0.0101532	-0.143621	0.0839078	0.0101532	0.0810122	0.104447	0	0	0	0	0	0.25915	0	0	-1000	1000	-500	-10	10	-10	-0	0	-0	0.2	0.2	177	-1	-1	2560	0.07
3.1266	0	0	0	0	0	0	0	0	0	0	0	0	-3.52613	0.135709	0.138801	-0.00905178	-0.0737642	0.153908	0.0101532	-0.0736207	0.153908	0.0101532	0.0810122	0.158455	0	0	0	0	0	0.25915	0	0	-1000	1000	-500	-10	10	-10	-0	0	-0	0.2	0.2	177	-1	-1	2560	0.07
3.1542	0	0	0	0	0	0	0	0	0	0	0	0	-3.53219	0.132299	0.141396	-0.0102353	-0.0780517	0.0839078	0.0101532	-0.0780624	0.0839078	0.0101532	-0.0780624	-0.11732	0	0	0	0	0	0.259731	0	0	-1000	1000	-500	-10	10	-10	-0	0	-0	0.2	0.2	177	-1	-1	2560	0.07
3.19039	0	0	0	0	0	0	0	0	0	0	0	0	-3.53219	0.130144	0.148145	-0.00104546	-0.0805111	0.153908	0.0197329	-0.0780624	0.153908	0.0197329	-0.0780624	0.186624	0	0	0	0	0	0.260581	0	0	-1000	1000	-500	-10	10	-10	-0	0	-0	0.2	0.2	177	-1	-1	2560	0.07
3.22252	0	0	0	0	0	0	0	0	0	0	0	0	-3.53148	0.129479	0.141396	0.0268522	-0.0811761	0.0839078	0.0468696	-0.0715111	0.0839078	0.0468696	-0.0715111	-0.577391	0	0	0	0	0	0.260714	0	0	-1000	1000	-500	-10	10	-10	-0	0	-0	0.2	0.2	177	-1	-1	2560	0.07
3.25348	0	0	0	0	0	0	0	0	0	0	0	0	-3.52627	0.129479	0.145703	0.014325	-0.0228573	0.153908	0.0197329	-0.0183923	0.153908	0.0197329	-0.0183923	0.186624	0	0	0	0	0	0.260714	0	0	-1000	1000	-500	-10	10	-10	-0	0	-0	0.2	0.2	177	-1	-1	2560	0.07
3.28792	0	0	0	0	0	0	0	0	0	0	0	0	-3.52547	0.12718	0.129581	0.00406091	-0.0751081	0.0839078	0.0233213	-0.0715111	0.0839078	0.0233213	-0.0715111	-0.577391	0	0	0	0	0	0.261231	0	0	-1000	1000	-500	-10	10	-10	-0	0	-0	0.2	0.2	177	-1	-1	2560	0.07
3.3239	0	0	0	0	0	0	0	0	0	0	0	0	-3.52547	0.126114	0.140993	0.0201952	-0.0147388	0.153908	0.0233213	-0.00901095	0.153908	0.0233213	-0.00901095	0.520629	0	0	0	0	0	0.261746	0	0	-1000	1000	-500	-10	10	-10	-0	0	-0	0.2	0.2	177	-1	-1	2560	0.07
3.35351	0	0	0	0	0	0	0	0	0	0	0	0	-3.52547	0.126114	0.130853	0.0201952	-0.0147388	0.0839078	0.0233213	-0.00901095	0.0839078	0.0233213	-0.00901095	-0.342503	0	0	0	0	0	0.261746	0	0	-1000	1000	-500	-10	10	-10	-0	0	-0	0.2	0.2	177	-1	-1	2560	0.07
3.38564	0	0	0	0	0	0	0	0	0	0	0	0	-3.52693	0.16263	0.130853	0.000238319	-0.0093648	0.0139078	0.00256107	-0.00901095	0.0139078	0.00256107	-0.00901095	-0.181847	0	0	0	0	0	0.251473	0	0	-1000	1000	-500	-10	10	-10	-0	0	-0	0.2	0.2	177	-1	-1	2560	0.07
3.42079	0	0	0	0	0	0	0	0	0	0	0	0	-3.52693	0.165087	0.130853	0.0176375	0.0584392	-0.0560922	0.00256107	0.0609891	-0.0560922	0.00256107	0.0699001	-0.181847	0	0	0	0	0	0.251149	0	0	-1000	1000	-500	-10	10	-10	-0	0	-0	0.2	0.2	177	-1	-1	2560	0.07
3.45589	0	0	0	0	0	0	0	0	0	0	0	0	-3.52571	0.16263	0.134284	0.0313805	-0.0173656	0.0139078	0.0347146	-0.00901095	0.0139078	0.0347146	-0.274966	0.263752	0	0	0	0	0	0.251473	0	0	-1000	1000	-500	-10	10	-10	-0	0	-0	0.2	0.2	177	-1	-1	2560	0.07
3.4852	0	0	0	0	0	0	0	0	0	0	0	0	-3.5236	0.139007	0.162119	0.0172518	-0.0704003	0.0839078	0.0347146	-0.0636296	0.0839078	0.0347146	-0.0636296	0.263752	0	0	0	0	0	0.259121	0	0	-1000	1000	-500	-10	10	-10	-0	0	-0	0.2	0.2	177	-1	-1	2560	0.07
3.51668	0	0	0	0	0	0	0	0	0	0	0	0	-3.5236	0.137141	0.162119	-0.0337136	-0.129309	0.153908	0.000704868	-0.13363	0.153908	0.000704868	-0.742845	0.24898	0	0	0	0	0	0.260319	0	0	-1000	1000	-500	-10	10	-10	-0	0	-0	0.2	0.2	177	-1	-1	2560	0.07
3.5524	0	0	0	0	0	0	0	0	0	0	0	0	-3.52359	0.110702	0.156386	-0.053306	-0.19653	0.0839078	0.000704868	-0.20363	0.0839078	0.000704868	-0.243427	-0.286012	0	0	0	0	0	0.268325	0	0	-1000	1000	-500	-10	10	-10	-0	0	-0	0.2	0.2	177	-1	-1	2560	0.07
3.58788	0	0	0	0	0	0	0	0	0	0	0	0	-3.52483	0.102008	0.156386	-0.107019	-0.254244	0.0139078	-0.0349232	-0.27363	0.0139078	-0.0349232	-0.371799	-0.286012	0	0	0	0	0	0.271474	0	0	-1000	1000	-500	-10	10	-10	-0	0	-0	0.2	0.2	177	-1	-1	2560	0.07
3.61611	0	0	0	0	0	0	0	0	0	0	0	0	-3.52483	0.0923521	0.173271	-0.0998272	-0.224746	0.0839078	-0.0349232	-0.243427	0.0839078	-0.0349232	-0.243427	0.76362	0	0	0	0	0	0.275509	0	0	-1000	1000	-500	-10	10	-10	-0	0	-0	0.2	0.2	177	-1	-1	2560	0.07
3.65038	0	0	0	0	0	0	0	0	0	0	0	0	-3.53029	0.0923521	0.205042	-0.0807847	-0.157386	0.153908	-0.0349232	-0.173427	0.153908	-0.0349232	0.125379	0.76362	0	0	0	0	0	0.275509	0	0	-1000	1000	-500	-10	10	-10	-0	0	-0	0.2	0.2	177	-1	-1	2560	0.07
3.68491	0	0	0	0	0	0	0	0	0	0	0	0	-3.53029	0.106406	0.205042	0.00585263	-0.109056	0.177298	0.0350768	-0.103427	0.177298	0.0355175	0.125379	0.177298	0	0	0	0	0	0.273358	0	0	-1000	1000	-500	-10	10	-10	-0	0	-0	0.2	0.2	177	-1	-1	2560	0.07
3.7156	0	0	0	0	0	0	0	0	0	0	0	0	-3.52907	0.109425	0.1723	0.0921636	-0.0605341	0.107298	0.105077	-0.0334269	0.107298	0.14001	0.0983877	0.0384295	0	0	0	0	0	0.273153	0	0	-1000	1000	-500	-10	10	-10	-0	0	-0	0.2	0.2	177	-1	-1	2560	0.07
3.74956	0	0	0	0	0	0	0	0	0	0	0	0	-3.52343	0.109425	0.1723	0.0497923	0.0240316	0.0384295	0.0414633	0.0365731	0.0384295	0.0414633	0.0983877	0.0384295	0	0	0	0	0	0.273153	0	0	-1000	1000	-500	-10	10	-10	-0	0	-0	0.2	0.2	177	-1	-1	2560	0.07
3.78191	0	0	0	0	0	0	0	0	0	0	0	0	-3.52244	0.111029	0.175827	0.0664679	0.0835545	0.103877	0.0414633	0.0983877	0.103877	0.0414633	0.0983877	0.103877	0	0	0	0	0	0.273153	0	0	-1000	1000	-500	-10	10	-10	-0	0	-0	0.2	0.2	177	-1	-1	2560	0.07
3.81609	0	0	0	0	0	0	0	0	0	0	0	0	-3.52244	0.111029	0.175827	-0.00479085	0.030831	0.103877	-0.0129476	0.0283877	0.103877	-0.0129476	-0.133495	0.103877	0	0	0	0	0	0.273757	0	0	-1000	1000	-500	-10	10	-10	-0	0	-0	0.2	0.2	177	-1	-1	2560	0.07
3.8492	0	0	0	0	0	0	0	0	0	0	0	0	-3.52352	0.0895167	0.168265	-0.0239524	-0.0364075	0.0338774	-0.0129476	-0.0416123	0.0338774	-0.0129476	-0.273832	-0.242867	0	0	0	0	0	0.280255	0	0	-1000	1000	-500	-10	10	-10	-0	0	-0	0.2	0.2	177	-1	-1	2560	0.07
3.87781	0	0	0	0	0	0	0	0	0	0	0	0	-3.52563	0.0858669	0.160227	-0.102062	-0.0865843	-0.0361226	-0.0738655	-0.111612	-0.0361226	-0.0738655	-0.273832	-0.242867	0	0	0	0	0	0.282631	0	0	-1000	1000	-500	-10	10	-10	-0	0	-0	0.2	0.2	177	-1	-1	2560	0.07
3.91357	0	0	0	0	0	0	0	0	0	0	0	0	-3.52563	0.0858669	0.160227	-0.0187788	-0.0378752	-0.0111633	-0.007456	-0.0416123	-0.0111633	-0.007456	0.0245666	-0.0111633	0	0	0	0	0	0.28299	0	0	-1000	1000	-500	-10	10	-10	-0	0	-0	0.2	0.2	177	-1	-1	2560	0.07
3.94985	0	0	0	0	0	0	0	0	0	0	0	0	-3.52563	0.0867453	0.159908	0.000756656	0.0293408	-0.0111633	-0.007456	0.0283877	-0.0111633	-0.007456	0.144301	-0.0111633	0	0	0	0	0	0.282631	0	0	-1000	1000	-500	-10	10	-10	-0	0	-0	0.2	0.2	177	-1	-1	2560	0.07
3.98132	0	0	0	0	0	0	0	0	0	0	0	0	-3.52549	0.0867453	0.159129	0.0177275	0.0204292	-0.0308835	0.0113179	0.0245666	-0.0308835	0.0113179	0.0245666	-0.0308835	0	0	0	0	0	0.28299	0	0	-1000	1000	-500	-10	10	-10	-0	0	-0	0.2	0.2	177	-1	-1	2560	0.07
4.01066	0	0	0	0	0	0	0	0	0	0	0	0	-3.52429	0.084799	0.158157	-0.00189389	-0.0467836	-0.081401	0.0113179	-0.0454334	-0.081401	0.0113179	-0.0900947	-0.081401	0	0	0	0	0	0.284601	0	0	-1000	1000	-500	-10	10	-10	-0	0	-0	0.2	0.2	177	-1	-1	2560	0.07
4.045	0	0	0	0	0	0	0	0	0	0	0	0	-3.52429	0.084799	0.155769	-0.015821	-0.0892515	-0.0308835	0.00995406	-0.0900947	-0.0308835	0.00995406	-0.0900947	-0.0308835	0	0	0	0	0	0.285479	0	0	-1000	1000	-500	-10	10	-10	-0	0	-0	0.2	0.2	177	-1	-1	2560	0.07
4.08161	0	0	0	0	0	0	0	0	0	0	0	0	-3.5249	0.0854093	0.15569	0.00389218	-0.0220846	-0.0686202	0.00995406	-0.0200947	-0.0686202	0.00995406	0.0947089	-0.0686202	0	0	0	0	0	0.285479	0	0	-1000	1000	-500	-10	10	-10	-0	0	-0	0.2	0.2	177	-1	-1	2560	0.07
4.11308	0	0	0	0	0	0	0	0	0	0	0	0	-3.52524	0.0854093	0.15569	0.00350718	0.050981	-0.00229225	-0.0109919	0.0499053	-0.00229225	-0.0109919	0.0947089	-0.00229225	0	0	0	0	0	0.285479	0	0	-1000	1000	-500	-10	10	-10	-0	0	-0	0.2	0.2	177	-1	-1	2560	0.07
4.14166	0	0	0	0	0	0	0	0	0	0	0	0	-3.5249	0.0819221	0.153179	0.00563899	-0.0226211	-0.0686202	0.0118202	-0.0200947	-0.0686202	0.0118202	-0.353361	-0.0686202	0	0	0	0	0	0.287414	0	0	-1000	1000	-500	-10	10	-10	-0	0	-0	0.2	0.2	177	-1	-1	2560	0.07
4.17745	0	0	0	0	0	0	0	0	0	0	0	0	-3.52524	0.0819221	0.15889	-0.0361362	-0.0832589	0.00137979	-0.0109919	-0.0900947	0.00137979	-0.0109919	-0.353361	0.181458	0	0	0	0	0	0.288084	0	0	-1000	1000	-500	-10	10	-10	-0	0	-0	0.2	0.2	177	-1	-1	2560	0.07
4.21354	0	0	0	0	0	0	0	0	0	0	0	0	-3.5228	0.0743501	0.155406	0.0106124	-0.170293	-0.0686202	0.0590081	-0.160095	-0.0686202	0.0794782	-0.228665	-0.230897	0	0	0	0	0	0.290895	0	0	-1000	1000	-500	-10	10	-10	-0	0	-0	0.2	0.2	177	-1	-1	2560	0.07
4.2441	0	0	0	0	0	0	0	0	0	0	0	0	-3.52371	0.0777646	0.159967	-0.0363269	-0.0831759	0.00137979	-0.0109919	-0.0900947	0.00137979	-0.0297201	0.11173	0.149225	0	0	0	0	0	0.290375	0	0	-1000	1000	-500	-10	10	-10	-0	0	-0	0.2	0.2	177	-1	-1	2560	0.07
4.27347	0	0	0	0	0	0	0	0	0	0	0	0	-3.52371	0.0743501	0.159967	-0.0743981	-0.14484	0.0713798	-0.0297201	-0.160095	0.0713798	-0.0297201	-0.228665	0.149225	0	0	0	0	0	0.290964	0	0	-1000	1000	-500	-10	10	-10	-0	0	-0	0.2	0.2	177	-1	-1	2560	0.07
4.30828	0	0	0	0	0	0	0	0	0	0	0	0	-3.5306	0.0731311	0.193207	-0.0918874	-0.0664359	0.14138	-0.0688475	-0.0900947	0.14138	-0.0688475	0.11173	0.149225	0	0	0	0	0	0.292284	0	0	-1000	1000	-500	-10	10	-10	-0	0	-0	0.2	0.2	177	-1	-1	2560	0.07
4.34529	0	0	0	0	0	0	0	0	0	0	0	0	-3.533	0.0731311	0.193207	-0.138749	0.0207651	0.0713798	-0.138848	-0.0200947	0.0713798	-0.222823	0.289394	-0.118322	0	0	0	0	0	0.292284	0	0	-1000	1000	-500	-10	10	-10	-0	0	-0	0.2	0.2	177	-1	-1	2560	0.07
4.37528	0	0	0	0	0	0	0	0	0	0	0	0	-3.533	0.139976	0.162133	-0.0526928	0.0667382	0.00137979	-0.0688475	0.0499053	0.00137979	-0.0688475	0.289394	-0.839821	0	0	0	0	0	0.275242	0	0	-1000	1000	-500	-10	10	-10	-0	0	-0	0.2	0.2	177	-1	-1	2560	0.07
4.40538	0	0	0	0	0	0	0	0	0	0	0	0	-3.53189	0.139976	0.133254	-0.00435221	-0.0196515	-0.0686202	0.0011525	-0.0200947	-0.0686202	0.0105271	-0.0787238	-0.839821	0	0	0	0	0	0.275242	0	0	-1000	1000	-500	-10	10	-10	-0	0	-0	0.2	0.2	177	-1	-1	2560	0.07
4.43997	0	0	0	0	0	0	0	0	0	0	0	0	-3.53158	0.137607	0.133254	0.043856	-0.106096	0.00137979	0.0711525	-0.0900947	0.00137979	0.136358	-0.579894	0.0132676	0	0	0	0	0	0.27649	0	0	-1000	1000	-500	-10	10	-10	-0	0	-0	0.2	0.2	177	-1	-1	2560	0.07
4.47628	0	0	0	0	0	0	0	0	0	0	0	0	-3.52736	0.0802281	0.165636	-0.0126816	-0.0784055	0.028299	0.0105271	-0.0787238	0.028299	0.0105271	-0.0787238	0.028299	0	0	0	0	0	0.293289	0	0	-1000	1000	-500	-10	10	-10	-0	0	-0	0.2	0.2	177	-1	-1	2560	0.07
4.50886	0	0	0	0	0	0	0	0	0	0	0	0	-3.52736	0.0793695	0.166663	-0.0473348	-0.108787	0.098299	-0.0138095	-0.117832	0.098299	-0.0138095	-0.117832	0.80187	0	0	0	0	0	0.293743	0	0	-1000	1000	-500	-10	10	-10	-0	0	-0	0.2	0.2	177	-1	-1	2560	0.07
4.54162	0	0	0	0	0	0	0	0	0	0	0	0	-3.53175	0.0755312	0.184303	-0.0398448	-0.0836149	0.028299	-0.0138095	-0.091588	0.028299	-0.0138095	-0.091588	0.028299	0	0	0	0	0	0.295042	0	0	-1000	1000	-500	-10	10	-10	-0	0	-0	0.2	0.2	177	-1	-1	2560	0.07
4.57263	0	0	0	0	0	0	0	0	0	0	0	0	-3.53307	0.0725316	0.192783	-0.0751235	-0.100251	0.098299	-0.0425371	-0.117832	0.098299	-0.0425371	-0.117832	0.309212	0	0	0	0	0	0.296649	0	0	-1000	1000	-500	-10	10	-10	-0	0	-0	0.2	0.2	177	-1	-1	2560	0.07
4.60746	0	0	0	0	0	0	0	0	0	0	0	0	-3.53175	0.0686174	0.184303	-0.000752009	-0.0956138	0.028299	0.0274629	-0.091588	0.028299	0.0639539	-0.091588	-0.258941	0	0	0	0	0	0.299187	0	0	-1000	1000	-500	-10	10	-10	-0	0	-0	0.2	0.2	177	-1	-1	2560	0.07
4.64296	0	0	0	0	0	0	0	0	0	0	0	0	-3.52814	0.0686174	0.170963	-0.0470103	-0.00809144	0.00899134	-0.0425371	-0.021588	0.00899134	-0.0425371	0.149006	0.00899134	0	0	0	0	0	0.299187	0	0	-1000	1000	-500	-10	10	-10	-0	0	-0	0.2	0.2	177	-1	-1	2560	0.07
4.67266	0	0	0	0	0	0	0	0	0	0	0	0	-3.52774	0.0753913	0.170963	0.0269976	0.0423461	0.00899134	0.0133544	0.048412	0.00899134	0.0133544	0.149006	0.00899134	0	0	0	0	0	0.298416	0	0	-1000	1000	-500	-10	10	-10	-0	0	-0	0.2	0.2	177	-1	-1	2560	0.07
4.70445	0	0	0	0	0	0	0	0	0	0	0	0	-3.52814	0.0792355	0.170963	-0.0131405	0.127846	0.00899134	-0.0499587	0.118412	0.00899134	-0.0499587	0.299077	0.00899134	0	0	0	0	0	0.296822	0	0	-1000	1000	-500	-10	10	-10	-0	0	-0	0.2	0.2	177	-1	-1	2560	0.07
4.73928	0	0	0	0	0	0	0	0	0	0	0	0	-3.53157	0.128006	0.138025	0.0263913	0.0427266	-0.0610087	0.0133544	0.048412	-0.0610087	0.0133544	0.0371857	-0.0645638	0	0	0	0	0	0.284163	0	0	-1000	1000	-500	-10	10	-10	-0	0	-0	0.2	0.2	177	-1	-1	2560	0.07
4.77228	0	0	0	0	0	0	0	0	0	0	0	0	-3.53283	0.129301	0.138025	-0.021197	0.129541	-0.0645638	-0.0566456	0.118412	-0.0645638	-0.108243	0.595599	-0.0645638	0	0	0	0	0	0.284006	0	0	-1000	1000	-500	-10	10	-10	-0	0	-0	0.2	0.2	177	-1	-1	2560	0.07
4.80511	0	0	0	0	0	0	0	0	0	0	0	0	-3.53413	0.146129	0.150255	0.0262137	0.0428358	-0.0645638	0.0133544	0.048412	-0.0645638	0.0306864	0.0371857	-0.0645638	0	0	0	0	0	0.280012	0	0	-1000	1000	-500	-10	10	-10	-0	0	-0	0.2	0.2	177	-1	-1	2560	0.07
4.83722	0	0	0	0	0	0	0	0	0	0	0	0	-3.53413	0.146129	0.154477	0.0235251	-0.0292279	0.00543625	0.0306864	-0.021588	0.00543625	0.0306864	-0.0862083	0.536686	0	0	0	0	0	0.280012	0	0	-1000	1000	-500	-10	10	-10	-0	0	-0	0.2	0.2	177	-1	-1	2560	0.07
4.87299	0	0	0	0	0	0	0	0	0	0	0	0	-3.52935	0.106286	0.162586	0.00301693	-0.0965449	-0.0645638	0.0306864	-0.091588	-0.0645638	0.0306864	-0.151703	-0.128602	0	0	0	0	0	0.292055	0	0	-1000	1000	-500	-10	10	-10	-0	0	-0	0.2	0.2	177	-1	-1	2560	0.07
4.9075	0	0	0	0	0	0	0	0	0	0	0	0	-3.52935	0.106286	0.162586	-0.0356234	-0.147707	-0.00108068	0.00851278	-0.151703	-0.00108068	0.00851278	-0.151703	-0.00108068	0	0	0	0	0	0.292713	0	0	-1000	1000	-500	-10	10	-10	-0	0	-0	0.2	0.2	177	-1	-1	2560	0.07
4.93649	0	0	0	0	0	0	0	0	0	0	0	0	-3.5292	0.100857	0.162586	-0.0358171	-0.14766	-0.00108068	0.00851278	-0.151703	-0.00108068	0.00851278	-0.151703	-0.00108068	0	0	0	0	0	0.294024	0	0	-1000	1000	-500	-10	10	-10	-0	0	-0	0.2	0.2	177	-1	-1	2560	0.07
4.9701	0	0	0	0	0	0	0	0	0	0	0	0	-3.52949	0.0961385	0.171438	-0.0361542	-0.0743888	0.0689193	-0.0128598	-0.0817034	0.0689193	-0.0128598	0.0827749	0.306646	0	0	0	0	0	0.296282	0	0	-1000	1000	-500	-10	10	-10	-0	0	-0	0.2	0.2	177	-1	-1	2560	0.07
5.00442	0	0	0	0	0	0	0	0	0	0	0	0	-3.53085	0.0961385	0.171438	-0.050269	0.00310891	0.138919	-0.0489864	-0.0117034	0.138919	-0.0489864	0.0827749	0.306646	0	0	0	0	0	0.296282	0	0	-1000	1000	-500	-10	10	-10	-0	0	-0	0.2	0.2	177	-1	-1	2560	0.07
5.03539	0	0	0	0	0	0	0	0	0	0	0	0	-3.53837	0.158583	0.166133	-0.0310463	0.0695291	0.0689193	-0.0489864	0.0582966	0.0689193	-0.0489864	0.0827749	-0.0440905	0	0	0	0	0	0.278875	0	0	-1000	1000	-500	-10	10	-10	-0	0	-0	0.2	0.2	177	-1	-1	2560	0.07
5.07168	0	0	0	0	0	0	0	0	0	0	0	0	-3.53837	0.158583	0.164768	0.00286991	-0.0129955	-0.00108068	0.00633636	-0.0117034	-0.00108068	0.00633636	-0.0188405	-0.24502	0	0	0	0	0	0.278875	0	0	-1000	1000	-500	-10	10	-10	-0	0	-0	0.2	0.2	177	-1	-1	2560	0.07
5.09717	0	0	0	0	0	0	0	0	0	0	0	0	-3.535	0.1579	0.155878	0.0403968	-0.0965833	-0.0710807	0.0654583	-0.0817034	-0.0710807	0.0654583	-0.0997959	-0.24502	0	0	0	0	0	0.279307	0	0	-1000	1000	-500	-10	10	-10	-0	0	-0	0.2	0.2	177	-1	-1	2560	0.07
5.13572	0	0	0	0	0	0	0	0	0	0	0	0	-3.53368	0.151252	0.143908	0.0207209	-0.163919	-0.141081	0.0654583	-0.151703	-0.141081	0.0654583	-0.260686	-0.24502	0	0	0	0	0	0.281611	0	0	-1000	1000	-500	-10	10	-10	-0	0	-0	0.2	0.2	177	-1	-1	2560	0.07
5.16929	0	0	0	0	0	0	0	0	0	0	0	0	-3.53333	0.146159	0.142757	-0.0517613	-0.215839	-0.0710807	0.0106379	-0.221703	-0.0710807	0.0106379	-0.260686	-0.0597085	0	0	0	0	0	0.283316	0	0	-1000	1000	-500	-10	10	-10	-0	0	-0	0.2	0.2	177	-1	-1	2560	0.07
5.20337	0	0	0	0	0	0	0	0	0	0	0	0	-3.53332	0.141126	0.143908	-0.0635654	-0.255149	-0.00108068	0.0106379	-0.262733	-0.00108068	0.0106379	-0.262733	0.0298817	0	0	0	0	0	0.284627	0	0	-1000	1000	-500	-10	10	-10	-0	0	-0	0.2	0.2	177	-1	-1	2560	0.07
5.22977	0	0	0	0	0	0	0	0	0	0	0	0	-3.53332	0.121391	0.172723	-0.0851433	-0.321831	0.0689193	0.0106379	-0.332733	0.0689193	0.0106379	-0.394263	0.83179	0	0	0	0	0	0.290594	0	0	-1000	1000	-500	-10	10	-10	-0	0	-0	0.2	0.2	177	-1	-1	2560	0.07
5.2698	0	0	0	0	0	0	0	0	0	0	0	0	-3.53465	0.112209	0.194685	-0.0964267	-0.382732	0.138919	0.0184038	-0.394263	0.138919	0.0184038	-0.394263	0.83179	0	0	0	0	0	0.293452	0	0	-1000	1000	-500	-10	10	-10	-0	0	-0	0.2	0.2	177	-1	-1	2560	0.07
5.30081	0	0	0	0	0	0	0	0	0	0	0	0	-3.53538	0.112209	0.203525	-0.143186	-0.295477	0.208919	-0.0515962	-0.324263	0.208919	-0.194998	0.0306669	0.83179	0	0	0	0	0	0.293452	0	0	-1000	1000	-500	-10	10	-10	-0	0	-0	0.2	0.2	177	-1	-1	2560	0.07
5.32994	0	0	0	0	0	0	0	0	0	0	0	0	-3.53883	0.115055	0.215857	-0.0556797	-0.248773	0.220848	0.0184038	-0.254263	0.220848	0.0184038	0.0682224	0.220848	0	0	0	0	0	0.292443	0	0	-1000	1000	-500	-10	10	-10	-0	0	-0	0.2	0.2	177	-1	-1	2560	0.07
5.36608	0	0	0	0	0	0	0	0	0	0	0	0	-3.53994	0.115055	0.227176	-0.0825499	-0.16758	0.290848	-0.0307332	-0.184263	0.290848	-0.0307332	0.0682224	0.31313	0	0	0	0	0	0.292443	0	0	-1000	1000	-500	-10	10	-10	-0	0	-0	0.2	0.2	177	-1	-1	2560	0.07
5.40148	0	0	0	0	0	0	0	0	0	0	0	0	-3.53883	0.106666	0.215857	0.00435579	-0.120743	0.220848	0.0392668	-0.114263	0.220848	0.188672	-0.0164722	-0.568643	0	0	0	0	0	0.29495	0	0	-1000	1000	-500	-10	10	-10	-0	0	-0	0.2	0.2	177	-1	-1	2560	0.07
5.43254	0	0	0	0	0	0	0	0	0	0	0	0	-3.53326	0.106666	0.207046	-0.00546578	-0.0446003	0.150848	0.00773519	-0.0442632	0.150848	0.00773519	-0.0164722	-0.0853407	0	0	0	0	0	0.29495	0	0	-1000	1000	-500	-10	10	-10	-0	0	-0	0.2	0.2	177	-1	-1	2560	0.07
5.46182	0	0	0	0	0	0	0	0	0	0	0	0	-3.53326	0.11795	0.204395	0.00266135	-0.0180023	0.0808477	0.00773519	-0.0164722	0.0808477	0.00773519	-0.0164722	-0.0853407	0	0	0	0	0	0.292255	0	0	-1000	1000	-500	-10	10	-10	-0	0	-0	0.2	0.2	177	-1	-1	2560	0.07
5.4976	0	0	0	0	0	0	0	0	0	0	0	0	-3.53302	0.11795	0.203249	-0.0175065	-0.0850341	0.0108477	0.00773519	-0.0864722	0.0108477	0.00773519	-0.101927	-0.0853407	0	0	0	0	0	0.292255	0	0	-1000	1000	-500	-10	10	-10	-0	0	-0	0.2	0.2	177	-1	-1	2560	0.07
5.53317	0	0	0	0	0	0	0	0	0	0	0	0	-3.53219	0.11795	0.203249	-0.0460998	-0.0925699	-0.0391364	-0.0174745	-0.101927	-0.0391364	-0.0174745	-0.101927	-0.0391364	0	0	0	0	0	0.292255	0	0	-1000	1000	-500	-10	10	-10	-0	0	-0	0.2	0.2	177	-1	-1	2560	0.07
5.56522	0	0	0	0	0	0	0	0	0	0	0	0	-3.53158	0.112677	0.198742	-0.0246636	-0.146515	-0.109136	0.0188284	-0.147379	-0.109136	0.0188284	-0.147379	-0.24333	0	0	0	0	0	0.293838	0	0	-1000	1000	-500	-10	10	-10	-0	0	-0	0.2	0.2	177	-1	-1	2560	0.07
5.59445	0	0	0	0	0	0	0	0	0	0	0	0	-3.53158	0.111236	0.198742	-0.00443851	-0.0795126	-0.126813	0.0188284	-0.0773786	-0.126813	0.0188284	0.0457659	-0.126813	0	0	0	0	0	0.294453	0	0	-1000	1000	-500	-10	10	-10	-0	0	-0	0.2	0.2	177	-1	-1	2560	0.07
5.62935	0	0	0	0	0	0	0	0	0	0	0	0	-3.53158	0.111236	0.198742	0.0158765	-0.0125255	-0.126813	0.0188284	-0.0073786	-0.126813	0.0188284	0.00885414	-0.126813	0	0	0	0	0	0.294465	0	0	-1000	1000	-500	-10	10	-10	-0	0	-0	0.2	0.2	177	-1	-1	2560	0.07
5.66585	0	0	0	0	0	0	0	0	0	0	0	0	-3.53176	0.111545	0.199275	0.0179277	0.0423873	-0.0568128	0.00485458	0.0457659	-0.0568128	0.00485458	0.0457659	0.121432	0	0	0	0	0	0.294453	0	0	-1000	1000	-500	-10	10	-10	-0	0	-0	0.2	0.2	177	-1	-1	2560	0.07
5.6967	0	0	0	0	0	0	0	0	0	0	0	0	-3.53194	0.118052	0.205248	-0.0177538	0.0145965	0.0131872	-0.0212099	0.00885414	0.0131872	-0.0212099	0.00885414	0.121432	0	0	0	0	0	0.292647	0	0	-1000	1000	-500	-10	10	-10	-0	0	-0	0.2	0.2	177	-1	-1	2560	0.07
5.72548	0	0	0	0	0	0	0	0	0	0	0	0	-3.53242	0.118052	0.231772	-0.0367549	-0.0484676	0.0831872	-0.0212099	-0.0570103	0.0831872	-0.0212099	-0.0570103	0.890279	0	0	0	0	0	0.292647	0	0	-1000	1000	-500	-10	10	-10	-0	0	-0	0.2	0.2	177	-1	-1	2560	0.07
5.76208	0	0	0	0	0	0	0	0	0	0	0	0	-3.53916	0.114035	0.232902	-0.0570514	-0.115441	0.10599	-0.0212099	-0.12701	0.10599	-0.0212099	-0.139623	0.10599	0	0	0	0	0	0.293534	0	0	-1000	1000	-500	-10	10	-10	-0	0	-0	0.2	0.2	177	-1	-1	2560	0.07
5.79706	0	0	0	0	0	0	0	0	0	0	0	0	-3.53916	0.100974	0.233101	-0.026964	-0.137765	0.10599	0.0145472	-0.139623	0.10599	0.0145472	-0.139623	0.10599	0	0	0	0	0	0.297097	0	0	-1000	1000	-500	-10	10	-10	-0	0	-0	0.2	0.2	177	-1	-1	2560	0.07
5.82945	0	0	0	0	0	0	0	0	0	0	0	0	-3.53865	0.100974	0.233101	0.0108514	-0.0761351	0.0359897	0.0326642	-0.069623	0.0359897	0.0326642	-0.0204525	-0.105226	0	0	0	0	0	0.297097	0	0	-1000	1000	-500	-10	10	-10	-0	0	-0	0.2	0.2	177	-1	-1	2560	0.07
5.8604	0	0	0	0	0	0	0	0	0	0	0	0	-3.53272	0.105154	0.208102	0.0113811	-0.0248545	-0.0340103	0.0181376	-0.0204525	-0.0340103	0.0181376	-0.0204525	-0.202674	0	0	0	0	0	0.296073	0	0	-1000	1000	-500	-10	10	-10	-0	0	-0	0.2	0.2	177	-1	-1	2560	0.07
5.892	0	0	0	0	0	0	0	0	0	0	0	0	-3.53272	0.105154	0.208102	0.0162177	-0.00899897	-0.10401	0.0181376	-0.00387588	-0.10401	0.0181376	-0.00387588	-0.202674	0	0	0	0	0	0.29606	0	0	-1000	1000	-500	-10	10	-10	-0	0	-0	0.2	0.2	177	-1	-1	2560	0.07
5.9277	0	0	0	0	0	0	0	0	0	0	0	0	-3.53216	0.105031	0.201826	0.0112793	-0.0251883	-0.17401	0.0181376	-0.0208014	-0.17401	0.0181376	-0.0208014	-0.198851	0	0	0	0	0	0.296073	0	0	-1000	1000	-500	-10	10	-10	-0	0	-0	0.2	0.2	177	-1	-1	2560	0.07
5.96377	0	0	0	0	0	0	0	0	0	0	0	0	-3.53127	0.103763	0.202821	-0.020754	-0.0307865	-0.10401	-0.0108562	-0.035506	-0.10401	-0.0108562	-0.035506	0.0411143	0	0	0	0	0	0.296419	0	0	-1000	1000	-500	-10	10	-10	-0	0	-0	0.2	0.2	177	-1	-1	2560	0.07
5.99341	0	0	0	0	0	0	0	0	0	0	0	0	-3.53088	0.0944921	0.201338	0.0460656	-0.0513481	-0.17401	0.0591438	-0.035506	-0.17401	0.0593313	-0.035506	-0.198851	0	0	0	0	0	0.298908	0	0	-1000	1000	-500	-10	10	-10	-0	0	-0	0.2	0.2	177	-1	-1	2560	0.07
6.02502	0	0	0	0	0	0	0	0	0	0	0	0	-3.53127	0.0944921	0.202821	-0.00260106	0.0284249	-0.10401	-0.0108562	0.0263986	-0.10401	-0.0108562	0.0263986	0.0411143	0	0	0	0	0	0.298908	0	0	-1000	1000	-500	-10	10	-10	-0	0	-0	0.2	0.2	177	-1	-1	2560	0.07
6.05993	0	0	0	0	0	0	0	0	0	0	0	0	-3.53163	0.0944921	0.204072	-0.0561918	0.0449384	-0.0340103	-0.0669335	0.0263986	-0.0340103	-0.0669335	0.0263986	0.298138	0	0	0	0	0	0.298908	0	0	-1000	1000	-500	-10	10	-10	-0	0	-0	0.2	0.2	177	-1	-1	2560	0.07
6.0956	0	0	0	0	0	0	0	0	0	0	0	0	-3.53576	0.0829865	0.22741	-0.0537517	0.0525021	0.0359897	-0.0669335	0.0341411	0.0359897	-0.0669335	0.0341411	0.298138	0	0	0	0	0	0.301963	0	0	-1000	1000	-500	-10	10	-10	-0	0	-0	0.2	0.2	177	-1	-1	2560	0.07
6.12456	0	0	0	0	0	0	0	0	0	0	0	0	-3.53576	0.0817686	0.22741	-0.00879122	-0.0348204	-0.0340103	0.0019718	-0.0358589	-0.0340103	0.0019718	-0.103813	-0.122694	0	0	0	0	0	0.302238	0	0	-1000	1000	-500	-10	10	-10	-0	0	-0	0.2	0.2	177	-1	-1	2560	0.07
6.15791	0	0	0	0	0	0	0	0	0	0	0	0	-3.5357	0.0829865	0.223857	0.0514914	0.0197201	-0.10401	0.043297	0.0341411	-0.10401	0.043297	0.0341411	-0.180115	0	0	0	0	0	0.301963	0	0	-1000	1000	-500	-10	10	-10	-0	0	-0	0.2	0.2	177	-1	-1	2560	0.07
6.19248	0	0	0	0	0	0	0	0	0	0	0	0	-3.5357	0.0865734	0.197659	0.0327608	0.0988736	-0.17401	0.0019718	0.104141	-0.17401	0.0019718	0.197731	-0.396508	0	0	0	0	0	0.301024	0	0	-1000	1000	-500	-10	10	-10	-0	0	-0	0.2	0.2	177	-1	-1	2560	0.07
6.22768	0	0	0	0	0	0	0	0	0	0	0	0	-3.53948	0.157335	0.183951	0.0500641	0.1668	-0.24401	0.00183594	0.174141	-0.24401	0.00183594	0.197731	-0.396508	0	0	0	0	0	0.281047	0	0	-1000	1000	-500	-10	10	-10	-0	0	-0	0.2	0.2	177	-1	-1	2560	0.07
6.25634	0	0	0	0	0	0	0	0	0	0	0	0	-3.53948	0.157335	0.170682	0.0306487	0.099546	-0.31401	0.00183594	0.104141	-0.31401	0.00183594	-0.0662573	-0.376944	0	0	0	0	0	0.281047	0	0	-1000	1000	-500	-10	10	-10	-0	0	-0	0.2	0.2	177	-1	-1	2560	0.07
6.28876	0	0	0	0	0	0	0	0	0	0	0	0	-3.53852	0.157335	0.170682	0.0112334	0.0322924	-0.24401	0.00183594	0.0341411	-0.24401	0.00183594	-0.0662573	-0.191638	0	0	0	0	0	0.281047	0	0	-1000	1000	-500	-10	10	-10	-0	0	-0	0.2	0.2	177	-1	-1	2560	0.07
6.32357	0	0	0	0	0	0	0	0	0	0	0	0	-3.53852	0.159845	0.180606	-0.00749893	0.10375	-0.17401	-0.0359167	0.0976236	-0.17401	-0.0359167	0.0976236	0.410743	0	0	0	0	0	0.280387	0	0	-1000	1000	-500	-10	10	-10	-0	0	-0	0.2	0.2	177	-1	-1	2560	0.07
6.35907	0	0	0	0	0	0	0	0	0	0	0	0	-3.54683	0.163244	0.194907	-0.00944482	0.144189	-0.10401	-0.0488468	0.135991	-0.10401	-0.0488468	0.135991	0.418945	0	0	0	0	0	0.279429	0	0	-1000	1000	-500	-10	10	-10	-0	0	-0	0.2	0.2	177	-1	-1	2560	0.07
6.38893	0	0	0	0	0	0	0	0	0	0	0	0	-3.54781	0.163244	0.202145	-0.0200269	0.107309	-0.0340103	-0.0488468	0.0976236	-0.0340103	-0.0488468	0.0976236	0.410743	0	0	0	0	0	0.279429	0	0	-1000	1000	-500	-10	10	-10	-0	0	-0	0.2	0.2	177	-1	-1	2560	0.07
6.42054	0	0	0	0	0	0	0	0	0	0	0	0	-3.54781	0.160822	0.202145	0.0667427	0.155211	-0.10401	0.0211532	0.167624	-0.10401	0.0254861	0.168629	-0.255611	0	0	0	0	0	0.280577	0	0	-1000	1000	-500	-10	10	-10	-0	0	-0	0.2	0.2	177	-1	-1	2560	0.07
6.45663	0	0	0	0	0	0	0	0	0	0	0	0	-3.5394	0.155491	0.187973	0.114692	0.0684479	-0.17401	0.0911532	0.0976236	-0.17401	0.10073	-0.724116	-0.255611	0	0	0	0	0	0.281598	0	0	-1000	1000	-500	-10	10	-10	-0	0	-0	0.2	0.2	177	-1	-1	2560	0.07
6.48834	0	0	0	0	0	0	0	0	0	0	0	0	-3.53824	0.13601	0.187973	0.128261	0.0784886	-0.10401	0.10073	0.111646	-0.10401	0.10073	0.111646	0.408416	0	0	0	0	0	0.287595	0	0	-1000	1000	-500	-10	10	-10	-0	0	-0	0.2	0.2	177	-1	-1	2560	0.07
6.52238	0	0	0	0	0	0	0	0	0	0	0	0	-3.53577	0.132469	0.187973	0.108417	0.0112567	-0.0340103	0.10073	0.0416458	-0.0340103	0.10073	-0.527897	0.408416	0	0	0	0	0	0.288581	0	0	-1000	1000	-500	-10	10	-10	-0	0	-0	0.2	0.2	177	-1	-1	2560	0.07
6.55745	0	0	0	0	0	0	0	0	0	0	0	0	-3.53455	0.118187	0.192316	0.0305355	-0.00517713	0.0359897	0.0307304	0.0038557	0.0359897	-0.00204032	0.0038557	0.164438	0	0	0	0	0	0.292764	0	0	-1000	1000	-500	-10	10	-10	-0	0	-0	0.2	0.2	177	-1	-1	2560	0.07
6.58789	0	0	0	0	0	0	0	0	0	0	0	0	-3.53448	0.118052	0.186547	0.0099495	-0.0720869	-0.0340103	0.0303388	-0.0661443	-0.0340103	0.0303388	-0.225938	-0.2471	0	0	0	0	0	0.292892	0	0	-1000	1000	-500	-10	10	-10	-0	0	-0	0.2	0.2	177	-1	-1	2560	0.07
6.62181	0	0	0	0	0	0	0	0	0	0	0	0	-3.53362	0.111308	0.185633	-0.026305	-0.107789	0.0247902	0.00615312	-0.110781	0.0247902	0.00615312	-0.110781	0.0247902	0	0	0	0	0	0.29485	0	0	-1000	1000	-500	-10	10	-10	-0	0	-0	0.2	0.2	177	-1	-1	2560	0.07
6.64977	0	0	0	0	0	0	0	0	0	0	0	0	-3.53362	0.111308	0.185633	-0.026305	-0.107789	0.0247902	0.00615312	-0.110781	0.0247902	0.00615312	-0.110781	0.0247902	0	0	0	0	0	0.29485	0	0	-1000	1000	-500	-10	10	-10	-0	0	-0	0.2	0.2	177	-1	-1	2560	0.07
6.68564	0	0	0	0	0	0	0	0	0	0	0	0	-3.53342	0.10755	0.18619	-0.0264213	-0.10776	0.0247902	0.00615312	-0.110781	0.0247902	0.00615312	-0.110781	0.0247902	0	0	0	0	0	0.295929	0	0	-1000	1000	-500	-10	10	-10	-0	0	-0	0.2	0.2	177	-1	-1	2560	0.07
6.72067	0	0	0	0	0	0	0	0	0	0	0	0	-3.53418	0.104277	0.19865	-0.0379925	-0.0310299	0.0947902	-0.0272615	-0.0407811	0.0947902	-0.0272615	0.0100722	0.465661	0	0	0	0	0	0.296673	0	0	-1000	1000	-500	-10	10	-10	-0	0	-0	0.2	0.2	177	-1	-1	2560	0.07
6.75409	0	0	0	0	0	0	0	0	0	0	0	0	-3.54019	0.103924	0.215469	-0.0189759	-0.110046	0.0247902	0.0140628	-0.110781	0.0247902	0.0140628	-0.147297	-0.229066	0	0	0	0	0	0.297023	0	0	-1000	1000	-500	-10	10	-10	-0	0	-0	0.2	0.2	177	-1	-1	2560	0.07
6.78197	0	0	0	0	0	0	0	0	0	0	0	0	-3.54019	0.099353	0.215469	-0.00304112	-0.0577621	-0.0452098	0.0140628	-0.0561066	-0.0452098	0.0140628	-0.0561066	-0.083442	0	0	0	0	0	0.298185	0	0	-1000	1000	-500	-10	10	-10	-0	0	-0	0.2	0.2	177	-1	-1	2560	0.07
6.8172	0	0	0	0	0	0	0	0	0	0	0	0	-3.53976	0.0987061	0.213144	-0.00186231	-0.0581291	-0.11521	0.0153139	-0.0561066	-0.11521	0.0153139	-0.0561066	-0.229066	0	0	0	0	0	0.298479	0	0	-1000	1000	-500	-10	10	-10	-0	0	-0	0.2	0.2	177	-1	-1	2560	0.07
6.85384	0	0	0	0	0	0	0	0	0	0	0	0	-3.53489	0.0977896	0.19748	0.042344	-0.0717405	-0.083442	0.0615773	-0.0561066	-0.083442	0.0615773	-0.0561066	-0.083442	0	0	0	0	0	0.29864	0	0	-1000	1000	-500	-10	10	-10	-0	0	-0	0.2	0.2	177	-1	-1	2560	0.07
6.88421	0	0	0	0	0	0	0	0	0	0	0	0	-3.53489	0.0987061	0.19647	0.0629403	-0.00482872	-0.153442	0.0615773	0.0138934	-0.153442	0.0615773	0.026009	-0.473184	0	0	0	0	0	0.298479	0	0	-1000	1000	-500	-10	10	-10	-0	0	-0	0.2	0.2	177	-1	-1	2560	0.07
6.91296	0	0	0	0	0	0	0	0	0	0	0	0	-3.54008	0.159435	0.19748	0.015202	0.0829334	-0.083442	-0.00842267	0.0838934	-0.083442	-0.241203	0.102898	0.027561	0	0	0	0	0	0.281354	0	0	-1000	1000	-500	-10	10	-10	-0	0	-0	0.2	0.2	177	-1	-1	2560	0.07
6.94881	0	0	0	0	0	0	0	0	0	0	0	0	-3.54703	0.159435	0.189975	-0.0467687	0.120627	-0.153442	-0.0784227	0.102898	-0.153442	-0.241203	0.102898	-0.340381	0	0	0	0	0	0.281354	0	0	-1000	1000	-500	-10	10	-10	-0	0	-0	0.2	0.2	177	-1	-1	2560	0.07
6.98487	0	0	0	0	0	0	0	0	0	0	0	0	-3.54854	0.14877	0.19029	-0.0312612	0.0433985	-0.083442	-0.0421709	0.0328984	-0.083442	-0.0421709	0.0065837	0.00874741	0	0	0	0	0	0.284054	0	0	-1000	1000	-500	-10	10	-10	-0	0	-0	0.2	0.2	177	-1	-1	2560	0.07
7.0177	0	0	0	0	0	0	0	0	0	0	0	0	-3.54854	0.148532	0.19029	-0.0187599	-0.0331718	-0.013442	-0.00870488	-0.0371016	-0.013442	-0.00870488	-0.0947419	0.00874741	0	0	0	0	0	0.28424	0	0	-1000	1000	-500	-10	10	-10	-0	0	-0	0.2	0.2	177	-1	-1	2560	0.07
7.04495	0	0	0	0	0	0	0	0	0	0	0	0	-3.54853	0.14835	0.19029	0.0112034	0.00358529	0.00874741	0.0097481	0.0065837	0.00874741	0.0097481	0.0065837	0.00874741	0	0	0	0	0	0.284293	0	0	-1000	1000	-500	-10	10	-10	-0	0	-0	0.2	0.2	177	-1	-1	2560	0.07
7.08163	0	0	0	0	0	0	0	0	0	0	0	0	-3.54203	0.145659	0.188463	0.030034	-0.0748759	0.0775157	0.049868	-0.0634163	0.0775157	0.049868	-0.0947419	0.0775157	0	0	0	0	0	0.284898	0	0	-1000	1000	-500	-10	10	-10	-0	0	-0	0.2	0.2	177	-1	-1	2560	0.07
7.11789	0	0	0	0	0	0	0	0	0	0	0	0	-3.5402	0.107496	0.184382	0.0496237	-0.00822489	0.00751574	0.049868	0.0065837	0.00751574	0.049868	0.098872	-0.112538	0	0	0	0	0	0.295515	0	0	-1000	1000	-500	-10	10	-10	-0	0	-0	0.2	0.2	177	-1	-1	2560	0.07
7.1485	0	0	0	0	0	0	0	0	0	0	0	0	-3.5398	0.107496	0.188463	0.0358884	0.0691284	0.0775157	0.0142003	0.0765837	0.0775157	0.0142003	0.217715	0.182376	0	0	0	0	0	0.295515	0	0	-1000	1000	-500	-10	10	-10	-0	0	-0	0.2	0.2	177	-1	-1	2560	0.07
7.18111	0	0	0	0	0	0	0	0	0	0	0	0	-3.53937	0.107496	0.184382	0.0562747	0.136094	0.00751574	0.0142003	0.146584	0.00751574	0.0142003	0.217715	-0.112538	0	0	0	0	0	0.295515	0	0	-1000	1000	-500	-10	10	-10	-0	0	-0	0.2	0.2	177	-1	-1	2560	0.07
7.21972	0	0	0	0	0	0	0	0	0	0	0	0	-3.53937	0.107282	0.183789	0.0358896	0.0691278	0.0775157	0.0142003	0.0765837	0.0775157	0.0142003	-0.195653	0.154368	0	0	0	0	0	0.295532	0	0	-1000	1000	-500	-10	10	-10	-0	0	-0	0.2	0.2	177	-1	-1	2560	0.07
7.24184	0	0	0	0	0	0	0	0	0	0	0	0	-3.53885	0.101906	0.183765	0.0297804	-0.00222423	0.00751574	0.0291286	0.0065837	0.00751574	0.0291286	-0.195653	-0.00108399	0	0	0	0	0	0.296836	0	0	-1000	1000	-500	-10	10	-10	-0	0	-0	0.2	0.2	177	-1	-1	2560	0.07
7.28098	0	0	0	0	0	0	0	0	0	0	0	0	-3.53885	0.101369	0.183765	-0.000260098	-0.0142709	-0.00108399	0.00392828	-0.0137221	-0.00108399	0.00392828	-0.0137221	-0.00108399	0	0	0	0	0	0.297041	0	0	-1000	1000	-500	-10	10	-10	-0	0	-0	0.2	0.2	177	-1	-1	2560	0.07
7.31366	0	0	0	0	0	0	0	0	0	0	0	0	-3.53885	0.101906	0.181068	0.0202176	0.0526677	-0.0688857	0.00392828	0.0562779	-0.0688857	0.00392828	0.0984144	-0.0688857	0	0	0	0	0	0.296836	0	0	-1000	1000	-500	-10	10	-10	-0	0	-0	0.2	0.2	177	-1	-1	2560	0.07
7.35102	0	0	0	0	0	0	0	0	0	0	0	0	-3.54285	0.148862	0.169667	-0.00299986	0.132417	-0.0688857	-0.0399658	0.126278	-0.0688857	-0.0399658	0.331683	-0.0688857	0	0	0	0	0	0.283865	0	0	-1000	1000	-500	-10	10	-10	-0	0	-0	0.2	0.2	177	-1	-1	2560	0.07
7.37744	0	0	0	0	0	0	0	0	0	0	0	0	-3.54285	0.148862	0.159548	0.0166049	0.199616	-0.138886	-0.0399658	0.196278	-0.138886	-0.0399658	0.331683	-0.38373	0	0	0	0	0	0.283865	0	0	-1000	1000	-500	-10	10	-10	-0	0	-0	0.2	0.2	177	-1	-1	2560	0.07
7.41346	0	0	0	0	0	0	0	0	0	0	0	0	-3.54434	0.148705	0.160044	-0.0029532	0.132419	-0.0688857	-0.0399658	0.126278	-0.0688857	-0.0399658	0.070415	0.0137659	0	0	0	0	0	0.284218	0	0	-1000	1000	-500	-10	10	-10	-0	0	-0	0.2	0.2	177	-1	-1	2560	0.07
7.44552	0	0	0	0	0	0	0	0	0	0	0	0	-3.54226	0.146166	0.160044	0.0446329	0.045576	0.00111427	0.0300342	0.0562779	0.00111427	0.0788142	-0.572077	0.0137659	0	0	0	0	0	0.284719	0	0	-1000	1000	-500	-10	10	-10	-0	0	-0	0.2	0.2	177	-1	-1	2560	0.07
7.47766	0	0	0	0	0	0	0	0	0	0	0	0	-3.54158	0.131036	0.175214	-0.0181983	0.0788946	0.0137659	-0.0399658	0.070415	0.0137659	-0.0686083	0.070415	0.0137659	0	0	0	0	0	0.289535	0	0	-1000	1000	-500	-10	10	-10	-0	0	-0	0.2	0.2	177	-1	-1	2560	0.07
7.51162	0	0	0	0	0	0	0	0	0	0	0	0	-3.54158	0.107444	0.17585	-0.0740685	0.0230181	0.0837659	-0.0775616	0.000415024	0.0837659	-0.0775616	-0.694314	0.492664	0	0	0	0	0	0.295955	0	0	-1000	1000	-500	-10	10	-10	-0	0	-0	0.2	0.2	177	-1	-1	2560	0.07
7.5479	0	0	0	0	0	0	0	0	0	0	0	0	-3.54772	0.110327	0.203099	-0.0537254	0.0899314	0.0137659	-0.0775616	0.070415	0.0137659	-0.0775616	0.0794757	-0.0198051	0	0	0	0	0	0.295148	0	0	-1000	1000	-500	-10	10	-10	-0	0	-0	0.2	0.2	177	-1	-1	2560	0.07
7.57555	0	0	0	0	0	0	0	0	0	0	0	0	-3.54772	0.107444	0.20938	-0.00711183	0.00260236	0.0837659	-0.00756162	0.000415024	0.0837659	-0.00734696	-0.186928	0.458185	0	0	0	0	0	0.295955	0	0	-1000	1000	-500	-10	10	-10	-0	0	-0	0.2	0.2	177	-1	-1	2560	0.07
7.6094	0	0	0	0	0	0	0	0	0	0	0	0	-3.54686	0.105157	0.203099	0.0185559	-0.0784261	0.0137659	0.0406559	-0.069585	0.0137659	0.0406559	-0.11687	-0.173152	0	0	0	0	0	0.296436	0	0	-1000	1000	-500	-10	10	-10	-0	0	-0	0.2	0.2	177	-1	-1	2560	0.07
7.64453	0	0	0	0	0	0	0	0	0	0	0	0	-3.54686	0.105157	0.212857	0.00474329	-0.123649	0.0837659	0.0406559	-0.11687	0.0837659	0.0406559	-0.11687	0.458185	0	0	0	0	0	0.296436	0	0	-1000	1000	-500	-10	10	-10	-0	0	-0	0.2	0.2	177	-1	-1	2560	0.07
7.67928	0	0	0	0	0	0	0	0	0	0	0	0	-3.54784	0.101203	0.211552	-0.0287407	-0.11343	0.0137659	0.00581444	-0.11687	0.0137659	0.00581444	-0.11687	-0.0375587	0	0	0	0	0	0.297866	0	0	-1000	1000	-500	-10	10	-10	-0	0	-0	0.2	0.2	177	-1	-1	2560	0.07
7.70956	0	0	0	0	0	0	0	0	0	0	0	0	-3.54784	0.106713	0.212857	-0.00807376	-0.046534	0.0837659	0.00581444	-0.04687	0.0837659	0.00581444	0.262846	0.265557	0	0	0	0	0	0.295216	0	0	-1000	1000	-500	-10	10	-10	-0	0	-0	0.2	0.2	177	-1	-1	2560	0.07
7.74072	0	0	0	0	0	0	0	0	0	0	0	0	-3.54696	0.106713	0.211552	0.0344658	0.0136948	0.0137659	0.0289903	0.02313	0.0137659	0.0289903	0.27741	-0.0375587	0	0	0	0	0	0.295216	0	0	-1000	1000	-500	-10	10	-10	-0	0	-0	0.2	0.2	177	-1	-1	2560	0.07
7.77671	0	0	0	0	0	0	0	0	0	0	0	0	-3.54696	0.117114	0.20835	0.0545655	0.0808471	-0.0562341	0.0289903	0.09313	-0.0562341	0.0289903	0.3338	-0.360863	0	0	0	0	0	0.291915	0	0	-1000	1000	-500	-10	10	-10	-0	0	-0	0.2	0.2	177	-1	-1	2560	0.07
7.80655	0	0	0	0	0	0	0	0	0	0	0	0	-3.55008	0.159008	0.170422	0.00824915	0.167369	-0.126234	-0.0383292	0.16313	-0.126234	-0.0383292	0.3338	-0.360863	0	0	0	0	0	0.280022	0	0	-1000	1000	-500	-10	10	-10	-0	0	-0	0.2	0.2	177	-1	-1	2560	0.07
7.84461	0	0	0	0	0	0	0	0	0	0	0	0	-3.55122	0.164454	0.170422	-0.0401932	0.253908	-0.196234	-0.108329	0.23313	-0.196234	-0.189774	0.518117	-0.21226	0	0	0	0	0	0.277993	0	0	-1000	1000	-500	-10	10	-10	-0	0	-0	0.2	0.2	177	-1	-1	2560	0.07
7.86892	0	0	0	0	0	0	0	0	0	0	0	0	-3.5589	0.182994	0.198031	0.0121519	0.186148	-0.126234	-0.0383292	0.182564	-0.126234	-0.0383292	0.182564	-0.0372435	0	0	0	0	0	0.272132	0	0	-1000	1000	-500	-10	10	-10	-0	0	-0	0.2	0.2	177	-1	-1	2560	0.07
7.90716	0	0	0	0	0	0	0	0	0	0	0	0	-3.5589	0.182994	0.198031	0.0607609	0.0999087	-0.0562341	0.0316708	0.112564	-0.0562341	0.0357641	-0.0484015	-0.0372435	0	0	0	0	0	0.272132	0	0	-1000	1000	-500	-10	10	-10	-0	0	-0	0.2	0.2	177	-1	-1	2560	0.07
7.94109	0	0	0	0	0	0	0	0	0	0	0	0	-3.5589	0.175859	0.198031	0.0459399	0.0313092	-0.0372435	0.0357641	0.0425637	-0.0372435	0.0357641	-0.0484015	-0.0372435	0	0	0	0	0	0.273772	0	0	-1000	1000	-500	-10	10	-10	-0	0	-0	0.2	0.2	177	-1	-1	2560	0.07
7.97518	0	0	0	0	0	0	0	0	0	0	0	0	-3.55753	0.168241	0.199324	0.0269326	-0.0361449	0.0327565	0.0357641	-0.0274363	0.0327565	0.0357641	-0.385489	0.0641862	0	0	0	0	0	0.276034	0	0	-1000	1000	-500	-10	10	-10	-0	0	-0	0.2	0.2	177	-1	-1	2560	0.07
8.00807	0	0	0	0	0	0	0	0	0	0	0	0	-3.55979	0.175859	0.201513	-0.0214532	0.0502347	0.0987363	-0.0342359	0.0425637	0.0987363	-0.0667463	0.224532	0.0987363	0	0	0	0	0	0.273772	0	0	-1000	1000	-500	-10	10	-10	-0	0	-0	0.2	0.2	177	-1	-1	2560	0.07
8.04047	0	0	0	0	0	0	0	0	0	0	0	0	-3.55492	0.144945	0.201513	0.0266872	-0.0363265	0.0641862	0.0357641	-0.0274363	0.0641862	0.142927	-1.23478	0.0641862	0	0	0	0	0	0.282808	0	0	-1000	1000	-500	-10	10	-10	-0	0	-0	0.2	0.2	177	-1	-1	2560	0.07
8.07519	0	0	0	0	0	0	0	0	0	0	0	0	-3.55747	0.166392	0.182535	-0.0212792	0.0503087	0.0987363	-0.0342359	0.0425637	0.0987363	-0.158772	0.617667	0.0987363	0	0	0	0	0	0.277233	0	0	-1000	1000	-500	-10	10	-10	-0	0	-0	0.2	0.2	177	-1	-1	2560	0.07
8.102	0	0	0	0	0	0	0	0	0	0	0	0	-3.55196	0.144945	0.182535	0.0266872	-0.0363265	0.0942522	0.0357641	-0.0274363	0.0942522	0.249303	-1.33452	0.0942522	0	0	0	0	0	0.282808	0	0	-1000	1000	-500	-10	10	-10	-0	0	-0	0.2	0.2	177	-1	-1	2560	0.07
8.13737	0	0	0	0	0	0	0	0	0	0	0	0	-3.55079	0.111486	0.182535	0.00567295	-0.10349	0.0942522	0.0353341	-0.0974363	0.0942522	0.0353341	-0.268102	0.0942522	0	0	0	0	0	0.293127	0	0	-1000	1000	-500	-10	10	-10	-0	0	-0	0.2	0.2	177	-1	-1	2560	0.07
8.17236	0	0	0	0	0	0	0	0	0	0	0	0	-3.55079	0.111486	0.185061	-0.0145534	-0.170504	0.0942522	0.0353341	-0.167436	0.0942522	0.0353341	-0.268102	0.0942522	0	0	0	0	0	0.293127	0	0	-1000	1000	-500	-10	10	-10	-0	0	-0	0.2	0.2	177	-1	-1	2560	0.07
8.2054	0	0	0	0	0	0	0	0	0	0	0	0	-3.56644	0.178619	0.179574	0.00728316	-0.103389	0.0242522	0.0353341	-0.0974363	0.0242522	0.0353341	0.568316	-0.155116	0	0	0	0	0	0.277561	0	0	-1000	1000	-500	-10	10	-10	-0	0	-0	0.2	0.2	177	-1	-1	2560	0.07
8.23271	0	0	0	0	0	0	0	0	0	0	0	0	-3.56644	0.178619	0.169013	0.0937848	-0.0552489	-0.0457478	0.105334	-0.0274363	-0.0457478	0.270947	0.568316	-1.35679	0	0	0	0	0	0.277561	0	0	-1000	1000	-500	-10	10	-10	-0	0	-0	0.2	0.2	177	-1	-1	2560	0.07
8.26823	0	0	0	0	0	0	0	0	0	0	0	0	-3.52989	0.0978151	0.090589	0.180046	-0.0117124	-0.115748	0.175334	0.0425637	-0.115748	0.270947	0.125331	-1.35679	0	0	0	0	0	0.303111	0	0	-1000	1000	-500	-10	10	-10	-0	0	-0	0.2	0.2	177	-1	-1	2560	0.07
8.30515	0	0	0	0	0	0	0	0	0	0	0	0	-3.52989	0.0978151	0.090589	0.134481	0.0753701	-0.185748	0.105334	0.112564	-0.185748	-0.02997	0.125331	-0.373904	0	0	0	0	0	0.307734	0	0	-1000	1000	-500	-10	10	-10	-0	0	-0	0.2	0.2	177	-1	-1	2560	0.07
8.33637	0	0	0	0	0	0	0	0	0	0	0	0	-3.54273	0.0991603	0.0928961	0.0717411	0.108672	-0.115748	0.0353341	0.125331	-0.115748	-0.0825481	0.125331	0.18276	0	0	0	0	0	0.308691	0	0	-1000	1000	-500	-10	10	-10	-0	0	-0	0.2	0.2	177	-1	-1	2560	0.07
8.36565	0	0	0	0	0	0	0	0	0	0	0	0	-3.54531	0.0991603	0.0986029	-0.0157634	0.0633624	-0.0457478	-0.0346659	0.0553313	-0.0457478	-0.0825481	-0.396063	0.422339	0	0	0	0	0	0.315857	0	0	-1000	1000	-500	-10	10	-10	-0	0	-0	0.2	0.2	177	-1	-1	2560	0.07
8.39926	0	0	0	0	0	0	0	0	0	0	0	0	-3.54531	0.0991603	0.0986029	-0.083021	0.0116989	0.0242522	-0.0825481	-0.0146687	0.0242522	-0.0825481	-0.396063	0.422339	0	0	0	0	0	0.315857	0	0	-1000	1000	-500	-10	10	-10	-0	0	-0	0.2	0.2	177	-1	-1	2560	0.07
8.43383	0	0	0	0	0	0	0	0	0	0	0	0	-3.54531	0.0991603	0.0986029	-0.104765	-0.0548382	0.0942522	-0.0825481	-0.0846687	0.0942522	-0.0825481	-0.396063	0.422339	0	0	0	0	0	0.315857	0	0	-1000	1000	-500	-10	10	-10	-0	0	-0	0.2	0.2	177	-1	-1	2560	0.07
8.4671	0	0	0	0	0	0	0	0	0	0	0	0	-3.54531	0.0991603	0.0986029	-0.126509	-0.121375	0.164252	-0.0825481	-0.154669	0.164252	-0.0825481	-0.396063	0.422339	0	0	0	0	0	0.315857	0	0	-1000	1000	-500	-10	10	-10	-0	0	-0	0.2	0.2	177	-1	-1	2560	0.07
8.49469	0	0	0	0	0	0	0	0	0	0	0	0	-3.54531	0.0991603	0.0986029	-0.148254	-0.187912	0.234252	-0.0825481	-0.224669	0.234252	-0.0825481	-0.396063	0.422339	0	0	0	0	0	0.315857	0	0	-1000	1000	-500	-10	10	-10	-0	0	-0	0.2	0.2	177	-1	-1	2560	0.07
8.53105	0	0	0	0	0	0	0	0	0	0	0	0	-3.54531	0.0991603	0.0986029	-0.169998	-0.25445	0.304252	-0.0825481	-0.294669	0.304252	-0.0825481	-0.396063	0.422339	0	0	0	0	0	0.315857	0	0	-1000	1000	-500	-10	10	-10	-0	0	-0	0.2	0.2	177	-1	-1	2560	0.07
8.56496	0	0	0	0	0	0	0	0	0	0	0	0	-3.54531	0.0991603	0.0986029	-0.191742	-0.320987	0.374252	-0.0825481	-0.364669	0.374252	-0.0825481	-0.396063	0.422339	0	0	0	0	0	0.315857	0	0	-1000	1000	-500	-10	10	-10	-0	0	-0	0.2	0.2	177	-1	-1	2560	0.07
8.59918	0	0	0	0	0	0	0	0	0	0	0	0	-3.54531	0.0991603	0.0986029	-0.201494	-0.350828	0.422339	-0.0825481	-0.396063	0.422339	-0.0825481	-0.396063	0.422339	0	0	0	0	0	0.315857	0	0	-1000	1000	-500	-10	10	-10	-0	0	-0	0.2	0.2	177	-1	-1	2560	0.07
8.62778	0	0	0	0	0	0	0	0	0	0	0	0	-3.54531	0.0991603	0.0986029	-0.201494	-0.350828	0.422339	-0.0825481	-0.396063	0.422339	-0.0825481	-0.396063	0.422339	0	0	0	0	0	0.315857	0	0	-1000	1000	-500	-10	10	-10	-0	0	-0	0.2	0.2	177	-1	-1	2560	0.07
8.67142	0	0	0	0	0	0	0	0	0	0	0	0	-3.54531	0.0991603	0.0986029	-0.201494	-0.350828	0.422339	-0.0825481	-0.396063	0.422339	-0.0825481	-0.396063	0.422339	0	0	0	0	0	0.315857	0	0	-1000	1000	-500	-10	10	-10	-0	0	-0	0.2	0.2	177	-1	-1	2560	0.07
8.69154	0	0	0	0	0	0	0	0	0	0	0	0	-3.54531	0.0991603	0.0986029	-0.201494	-0.350828	0.422339	-0.0825481	-0.396063	0.422339	-0.0825481	-0.396063	0.422339	0	0	0	0	0	0.315857	0	0	-1000	1000	-500	-10	10	-10	-0	0	-0	0.2	0.2	177	-1	-1	2560	0.07
8.73138	0	0	0	0	0	0	0	0	0	0	0	0	-3.54531	0.0991603	0.0986029	-0.201494	-0.350828	0.422339	-0.0825481	-0.396063	0.422339	-0.0825481	-0.396063	0.422339	0	0	0	0	0	0.315857	0	0	-1000	1000	-500	-10	10	-10	-0	0	-0	0.2	0.2	177	-1	-1	2560	0.07
8.76163	0	0	0	0	0	0	0	0	0	0	0	0	-3.54531	0.0991603	0.0986029	-0.201494	-0.350828	0.422339	-0.0825481	-0.396063	0.422339	-0.0825481	-0.396063	0.422339	0	0	0	0	0	0.315857	0	0	-1000	1000	-500	-10	10	-10	-0	0	-0	0.2	0.2	177	-1	-1	2560	0.07
8.79467	0	0	0	0	0	0	0	0	0	0	0	0	-3.54531	0.0991603	0.0986029	-0.201494	-0.350828	0.422339	-0.0825481	-0.396063	0.422339	-0.0825481	-0.396063	0.422339	0	0	0	0	0	0.315857	0	0	-1000	1000	-500	-10	10	-10	-0	0	-0	0.2	0.2	177	-1	-1	2560	0.07
8.82788	0	0	0	0	0	0	0	0	0	0	0	0	-3.54531	0.0991603	0.0986029	-0.201494	-0.350828	0.422339	-0.0825481	-0.396063	0.422339	-0.0825481	-0.396063	0.422339	0	0	0	0	0	0.315857	0	0	-1000	1000	-500	-10	10	-10	-0	0	-0	0.2	0.2	177	-1	-1	2560	0.07
8.86523	0	0	0	0	0	0	0	0	0	0	0	0	-3.54531	0.0991603	0.0986029	-0.201494	-0.350828	0.422339	-0.0825481	-0.396063	0.422339	-0.0825481	-0.396063	0.422339	0	0	0	0	0	0.315857	0	0	-1000	1000	-500	-10	10	-10	-0	0	-0	0.2	0.2	177	-1	-1	2560	0.07
8.894	0	0	0	0	0	0	0	0	0	0	0	0	-3.54531	0.0991603	0.0986029	-0.201494	-0.350828	0.422339	-0.0825481	-0.396063	0.422339	-0.0825481	-0.396063	0.422339	0	0	0	0	0	0.315857	0	0	-1000	1000	-500	-10	10	-10	-0	0	-0	0.2	0.2	177	-1	-1	2560	0.07
8.92691	0	0	0	0	0	0	0	0	0	0	0	0	-3.54531	0.0991603	0.0986029	-0.201494	-0.350828	0.422339	-0.0825481	-0.396063	0.422339	-0.0825481	-0.396063	0.422339	0	0	0	0	0	0.315857	0	0	-1000	1000	-500	-10	10	-10	-0	0	-0	0.2	0.2	177	-1	-1	2560	0.07
8.96192	0	0	0	0	0	0	0	0	0	0	0	0	-3.54531	0.0991603	0.0986029	-0.201494	-0.350828	0.422339	-0.0825481	-0.396063	0.422339	-0.0825481	-0.396063	0.422339	0	0	0	0	0	0.315857	0	0	-1000	1000	-500	-10	10	-10	-0	0	-0	0.2	0.2	177	-1	-1	2560	0.07
8.99464	0	0	0	0	0	0	0	0	0	0	0	0	-3.54531	0.0991603	0.0986029	-0.201494	-0.350828	0.422339	-0.0825481	-0.396063	0.422339	-0.0825481	-0.396063	0.422339	0	0	0	0	0	0.315857	0	0	-1000	1000	-500	-10	10	-10	-0	0	-0	0.2	0.2	177	-1	-1	2560	0.07
9.03016	0	0	0	0	0	0	0	0	0	0	0	0	-3.54531	0.0991603	0.0986029	-0.201494	-0.350828	0.422339	-0.0825481	-0.396063	0.422339	-0.0825481	-0.396063	0.422339	0	0	0	0	0	0.315857	0	0	-1000	1000	-500	-10	10	-10	-0	0	-0	0.2	0.2	177	-1	-1	2560	0.07
9.05783	0	0	0	0	0	0	0	0	0	0	0	0	-3.54531	0.0991603	0.0986029	-0.201494	-0.350828	0.422339	-0.0825481	-0.396063	0.422339	-0.0825481	-0.396063	0.422339	0	0	0	0	0	0.315857	0	0	-1000	1000	-500	-10	10	-10	-0	0	-0	0.2	0.2	177	-1	-1	2560	0.07
9.09318	0	0	0	0	0	0	0	0	0	0	0	0	-3.54531	0.0991603	0.0986029	-0.201494	-0.350828	0.422339	-0.0825481	-0.396063	0.422339	-0.0825481	-0.396063	0.422339	0	0	0	0	0	0.315857	0	0	-1000	1000	-500	-10	10	-10	-0	0	-0	0.2	0.2	177	-1	-1	2560	0.07
9.12667	0	0	0	0	0	0	0	0	0	0	0	0	-3.54531	0.0991603	0.0986029	-0.201494	-0.350828	0.422339	-0.0825481	-0.396063	0.422339	-0.0825481	-0.396063	0.422339	0	0	0	0	0	0.315857	0	0	-1000	1000	-500	-10	10	-10	-0	0	-0	0.2	0.2	177	-1	-1	2560	0.07
9.16354	0	0	0	0	0	0	0	0	0	0	0	0	-3.54531	0.0991603	0.0986029	-0.201494	-0.350828	0.422339	-0.0825481	-0.396063	0.422339	-0.0825481	-0.396063	0.422339	0	0	0	0	0	0.315857	0	0	-1000	1000	-500	-10	10	-10	-0	0	-0	0.2	0.2	177	-1	-1	2560	0.07
9.18758	0	0	0	0	0	0	0	0	0	0	0	0	-3.54531	0.0991603	0.0986029	-0.201494	-0.350828	0.422339	-0.0825481	-0.396063	0.422339	-0.0825481	-0.396063	0.422339	0	0	0	0	0	0.315857	0	0	-1000	1000	-500	-10	10	-10	-0	0	-0	0.2	0.2	177	-1	-1	2560	0.07
9.22535	0	0	0	0	0	0	0	0	0	0	0	0	-3.54531	0.0991603	0.0986029	-0.201494	-0.350828	0.422339	-0.0825481	-0.396063	0.422339	-0.0825481	-0.396063	0.422339	0	0	0	0	0	0.315857	0	0	-1000	1000	-500	-10	10	-10	-0	0	-0	0.2	0.2	177	-1	-1	2560	0.07
9.25735	0	0	0	0	0	0	0	0	0	0	0	0	-3.54531	0.0991603	0.0986029	-0.201494	-0.350828	0.422339	-0.0825481	-0.396063	0.422339	-0.0825481	-0.396063	0.422339	0	0	0	0	0	0.315857	0	0	-1000	1000	-500	-10	10	-10	-0	0	-0	0.2	0.2	177	-1	-1	2560	0.07
9.29573	0	0	0	0	0	0	0	0	0	0	0	0	-3.54531	0.0991603	0.0986029	-0.201494	-0.350828	0.422339	-0.0825481	-0.396063	0.422339	-0.0825481	-0.396063	0.422339	0	0	0	0	0	0.315857	0	0	-1000	1000	-500	-10	10	-10	-0	0	-0	0.2	0.2	177	-1	-1	2560	0.07
