9.88135	1.79592	0	-0.241503	
9.8589	1.79592	0	-0.241503	
9.83702	1.79592	0	-0.241503	
9.96698	-0.264094	0	-0.0968333	9.804	1.79592	0	-0.241503	
9.96684	-0.264094	0	-0.0968333	9.80386	1.79592	0	-0.241503	
9.92312	-0.264094	0	-0.0968333	9.76014	1.79592	0	-0.241503	
9.90281	-0.264094	0	-0.0968333	9.73983	1.79592	0	-0.241503	
9.96024	-0.264094	0	-0.0968333	9.70007	1.79592	0	-0.241503	
9.96009	-0.264094	0	-0.0968333	9.69992	1.79592	0	-0.241503	
9.92949	-0.264094	0	-0.0968333	9.66931	1.79592	0	-0.241503	
9.89481	-0.264094	0	-0.0968333	9.63464	1.79592	0	-0.241503	
9.97073	-0.264094	0	-0.0968333	9.60537	1.79592	0	-0.241503	
9.97059	-0.264094	0	-0.0968333	9.60523	1.79592	0	-0.241503	
9.93451	-0.264094	0	-0.0968333	9.56915	1.79592	0	-0.241503	
9.90477	-0.264094	0	-0.0968333	9.53941	1.79592	0	-0.241503	
9.95726	-0.264094	0	-0.0968333	9.49667	1.79592	0	-0.241503	
9.95712	-0.264094	0	-0.0968333	9.49652	1.79592	0	-0.241503	
9.93632	-0.264094	0	-0.0968333	9.47572	1.79592	0	-0.241503	
9.89642	-0.264094	0	-0.0968333	9.43583	1.79592	0	-0.241503	
9.96887	-0.264094	0	-0.0968333	9.4047	1.79592	0	-0.241503	
9.96875	-0.264094	0	-0.0968333	9.40458	1.79592	0	-0.241503	
9.93723	-0.264094	0	-0.0968333	9.37305	1.79592	0	-0.241503	
9.90404	-0.264094	0	-0.0968333	9.33986	1.79592	0	-0.241503	
9.9633	-0.264094	0	-0.0968333	9.30316	1.79592	0	-0.241503	
9.96317	-0.264094	0	-0.0968333	9.30303	1.79592	0	-0.241503	
9.93358	-0.264094	0	-0.0968333	9.27345	1.79592	0	-0.241503	
9.90165	-0.264094	0	-0.0968333	9.24151	1.79592	0	-0.241503	
9.96683	-0.264094	0	-0.0968333	9.20835	1.79592	0	-0.241503	
9.96672	-0.264094	0	-0.0968333	9.20823	1.79592	0	-0.241503	
9.9289	-0.264094	0	-0.0968333	9.17041	1.79592	0	-0.241503	
9.90056	-0.264094	0	-0.0968333	9.14208	1.79592	0	-0.241503	
9.86894	-0.264094	0	-0.0968333	9.11045	1.79592	0	-0.241503	
9.9983	-0.264094	0	-0.0968333	9.10875	1.79592	0	-0.241503	
9.96329	-0.264094	0	-0.0968333	9.07374	1.79592	0	-0.241503	
9.92925	-0.264094	0	-0.0968333	9.0397	1.79592	0	-0.241503	
9.89895	-0.264094	0	-0.0968333	9.0094	1.79592	0	-0.241503	
9.99934	-0.264094	0	-0.0968333	9.00874	1.79592	0	-0.241503	
9.96508	-0.264094	0	-0.0968333	8.97448	1.79592	0	-0.241503	
9.93369	-0.264094	0	-0.0968333	8.94309	1.79592	0	-0.241503	
9.89993	-0.264094	0	-0.0968333	8.90933	1.79592	0	-0.241503	
9.99937	-0.264094	0	-0.0968333	8.9087	1.79592	0	-0.241503	
9.9657	-0.264094	0	-0.0968333	8.87504	1.79592	0	-0.241503	
9.93986	-0.264094	0	-0.0968333	8.84919	1.79592	0	-0.241503	
9.90164	-0.264094	0	-0.0968333	8.81097	1.79592	0	-0.241503	
9.99776	-0.264094	0	-0.0968333	8.80873	1.79592	0	-0.241503	
9.96584	-0.264094	0	-0.0968333	8.77681	1.79592	0	-0.241503	
9.93176	-0.264094	0	-0.0968333	8.74273	1.79592	0	-0.241503	
9.90551	-0.264094	0	-0.0968333	8.71648	1.79592	0	-0.241503	
9.99223	-0.264094	0	-0.0968333	8.70871	1.79592	0	-0.241503	
9.96209	-0.264094	0	-0.0968333	8.67857	1.79592	0	-0.241503	
9.9283	-0.264094	0	-0.0968333	8.64477	1.79592	0	-0.241503	
9.89429	-0.264094	0	-0.0968333	8.61077	1.79592	0	-0.241503	
9.99795	-0.264094	0	-0.0968333	8.60872	1.79592	0	-0.241503	
9.974	-0.264094	0	-0.0968333	8.58477	1.79592	0	-0.241503	
9.93363	-0.264094	0	-0.0968333	8.5444	1.79592	0	-0.241503	
9.90438	-0.264094	0	-0.0968333	8.51515	1.79592	0	-0.241503	
9.99362	-0.264094	0	-0.0968333	8.50877	1.79592	0	-0.241503	
9.96577	-0.264094	0	-0.0968333	8.48091	1.79592	0	-0.241503	
9.93061	-0.264094	0	-0.0968333	8.44576	1.79592	0	-0.241503	
9.90166	-0.264094	0	-0.0968333	8.41681	1.79592	0	-0.241503	
9.99195	-0.264094	0	-0.0968333	8.40876	1.79592	0	-0.241503	
9.96345	-0.264094	0	-0.0968333	8.38026	1.79592	0	-0.241503	
9.93151	-0.264094	0	-0.0968333	8.34832	1.79592	0	-0.241503	
9.89816	-0.264094	0	-0.0968333	8.31497	1.79592	0	-0.241503	
9.99371	-0.264094	0	-0.0968333	8.30868	1.79592	0	-0.241503	
9.96796	-0.264094	0	-0.0968333	8.28293	1.79592	0	-0.241503	
9.93286	-0.264094	0	-0.0968333	8.24783	1.79592	0	-0.241503	
9.90132	-0.264094	0	-0.0968333	8.21629	1.79592	0	-0.241503	
9.99247	-0.264094	0	-0.0968333	8.20875	1.79592	0	-0.241503	
9.97223	-0.264094	0	-0.0968333	8.18852	1.79592	0	-0.241503	
9.93396	-0.264094	0	-0.0968333	8.15025	1.79592	0	-0.241503	
9.90005	-0.264094	0	-0.0968333	8.11634	1.79592	0	-0.241503	
9.96751	-0.264094	0	-0.0968333	8.08384	1.79592	0	-0.241503	
9.96738	-0.264094	0	-0.0968333	8.08372	1.79592	0	-0.241503	
9.93889	-0.264094	0	-0.0968333	8.05523	1.79592	0	-0.241503	
9.90293	-0.264094	0	-0.0968333	8.01927	1.79592	0	-0.241503	
9.9644	-0.264094	0	-0.0968333	7.98367	1.79592	0	-0.241503	
9.96428	-0.264094	0	-0.0968333	7.98355	1.79592	0	-0.241503	
9.9336	-0.264094	0	-0.0968333	7.95287	1.79592	0	-0.241503	
9.90183	-0.264094	0	-0.0968333	7.9211	1.79592	0	-0.241503	
9.96622	-0.264094	0	-0.0968333	7.88732	1.79592	0	-0.241503	
9.96608	-0.264094	0	-0.0968333	7.88719	1.79592	0	-0.241503	
9.92942	-0.264094	0	-0.0968333	7.85053	1.79592	0	-0.241503	
9.9006	-0.264094	0	-0.0968333	7.8217	1.79592	0	-0.241503	
9.96757	-0.264094	0	-0.0968333	7.78927	1.79592	0	-0.241503	
9.96744	-0.264094	0	-0.0968333	7.78914	1.79592	0	-0.241503	
9.93354	-0.264094	0	-0.0968333	7.75524	1.79592	0	-0.241503	
9.89817	-0.264094	0	-0.0968333	7.71987	1.79592	0	-0.241503	
9.9702	-0.264094	0	-0.0968333	7.69007	1.79592	0	-0.241503	
9.97008	-0.264094	0	-0.0968333	7.68995	1.79592	0	-0.241503	
9.93753	-0.264094	0	-0.0968333	7.6574	1.79592	0	-0.241503	
9.90551	-0.264094	0	-0.0968333	7.62538	1.79592	0	-0.241503	
9.96168	-0.264094	0	-0.0968333	7.58707	1.79592	0	-0.241503	
9.96156	-0.264094	0	-0.0968333	7.58694	1.79592	0	-0.241503	
9.93177	-0.264094	0	-0.0968333	7.55715	1.79592	0	-0.241503	
9.89887	-0.264094	0	-0.0968333	7.52425	1.79592	0	-0.241503	
9.96775	-0.264094	0	-0.0968333	7.492	1.79592	0	-0.241503	
9.9676	-0.264094	0	-0.0968333	7.49184	1.79592	0	-0.241503	
9.93236	-0.264094	0	-0.0968333	7.45661	1.79592	0	-0.241503	
9.89827	-0.264094	0	-0.0968333	7.42252	1.79592	0	-0.241503	
9.97447	-0.264094	0	-0.0968333	7.39699	1.79592	0	-0.241503	
9.97433	-0.264094	0	-0.0968333	7.39685	1.79592	0	-0.241503	
9.9359	-0.264094	0	-0.0968333	7.35841	1.79592	0	-0.241503	
9.90229	-0.264094	0	-0.0968333	7.32481	1.79592	0	-0.241503	
9.96502	-0.264094	0	-0.0968333	7.28983	1.79592	0	-0.241503	
9.96488	-0.264094	0	-0.0968333	7.28969	1.79592	0	-0.241503	
9.93995	-0.264094	0	-0.0968333	7.26476	1.79592	0	-0.241503	
9.90107	-0.264094	0	-0.0968333	7.22588	1.79592	0	-0.241503	
9.9676	-0.264094	0	-0.0968333	7.19348	1.79592	0	-0.241503	
9.96747	-0.264094	0	-0.0968333	7.19336	1.79592	0	-0.241503	
9.93533	-0.264094	0	-0.0968333	7.16121	1.79592	0	-0.241503	
9.8995	-0.264094	0	-0.0968333	7.12538	1.79592	0	-0.241503	
9.97158	-0.264094	0	-0.0968333	7.09696	1.79592	0	-0.241503	
9.97144	-0.264094	0	-0.0968333	7.09682	1.79592	0	-0.241503	
9.93495	-0.264094	0	-0.0968333	7.06033	1.79592	0	-0.241503	
9.9077	-0.264094	0	-0.0968333	7.03308	1.79592	0	-0.241503	
9.96339	-0.264094	0	-0.0968333	6.99647	1.79592	0	-0.241503	
9.96326	-0.264094	0	-0.0968333	6.99634	1.79592	0	-0.241503	
9.93004	-0.264094	0	-0.0968333	6.96312	1.79592	0	-0.241503	
9.89478	-0.264094	0	-0.0968333	6.92786	1.79592	0	-0.241503	
9.96843	-0.264094	0	-0.0968333	6.8963	1.79592	0	-0.241503	
9.96828	-0.264094	0	-0.0968333	6.89614	1.79592	0	-0.241503	
9.94077	-0.264094	0	-0.0968333	6.86863	1.79592	0	-0.241503	
9.9028	-0.264094	0	-0.0968333	6.83066	1.79592	0	-0.241503	
9.96645	-0.264094	0	-0.0968333	6.79711	1.79592	0	-0.241503	
9.96634	-0.264094	0	-0.0968333	6.797	1.79592	0	-0.241503	
9.93302	-0.264094	0	-0.0968333	6.76368	1.79592	0	-0.241503	
9.90485	-0.264094	0	-0.0968333	6.73552	1.79592	0	-0.241503	
9.96307	-0.264094	0	-0.0968333	6.69859	1.79592	0	-0.241503	
9.96293	-0.264094	0	-0.0968333	6.69845	1.79592	0	-0.241503	
9.9279	-0.264094	0	-0.0968333	6.66342	1.79592	0	-0.241503	
9.89911	-0.264094	0	-0.0968333	6.63463	1.79592	0	-0.241503	
9.96612	-0.264094	0	-0.0968333	6.60075	1.79592	0	-0.241503	
9.96595	-0.264094	0	-0.0968333	6.60058	1.79592	0	-0.241503	
9.93284	-0.264094	0	-0.0968333	6.56747	1.79592	0	-0.241503	
9.89608	-0.264094	0	-0.0968333	6.5307	1.79592	0	-0.241503	
9.97179	-0.264094	0	-0.0968333	6.5025	1.79592	0	-0.241503	
9.97167	-0.264094	0	-0.0968333	6.50238	1.79592	0	-0.241503	
9.93802	-0.264094	0	-0.0968333	6.46873	1.79592	0	-0.241503	
9.90506	-0.264094	0	-0.0968333	6.43576	1.79592	0	-0.241503	
9.96233	-0.264094	0	-0.0968333	6.39809	1.79592	0	-0.241503	
9.9622	-0.264094	0	-0.0968333	6.39796	1.79592	0	-0.241503	
9.9384	-0.264094	0	-0.0968333	6.37416	1.79592	0	-0.241503	
9.90086	-0.264094	0	-0.0968333	6.33662	1.79592	0	-0.241503	
9.96692	-0.264094	0	-0.0968333	6.30355	1.79592	0	-0.241503	
9.9668	-0.264094	0	-0.0968333	6.30342	1.79592	0	-0.241503	
9.9336	-0.264094	0	-0.0968333	6.27022	1.79592	0	-0.241503	
9.9001	-0.264094	0	-0.0968333	6.23672	1.79592	0	-0.241503	
9.96903	-0.264094	0	-0.0968333	6.20575	1.79592	0	-0.241503	
9.96888	-0.264094	0	-0.0968333	6.2056	1.79592	0	-0.241503	
9.935	-0.264094	0	-0.0968333	6.17172	1.79592	0	-0.241503	
9.9008	-0.264094	0	-0.0968333	6.13752	1.79592	0	-0.241503	
9.96653	-0.264094	0	-0.0968333	6.10405	1.79592	0	-0.241503	
9.9664	-0.264094	0	-0.0968333	6.10391	1.79592	0	-0.241503	
9.93917	-0.264094	0	-0.0968333	6.07669	1.79592	0	-0.241503	
9.90097	-0.264094	0	-0.0968333	6.03849	1.79592	0	-0.241503	
9.96547	-0.264094	0	-0.0968333	6.00396	1.79592	0	-0.241503	
9.96534	-0.264094	0	-0.0968333	6.00384	1.79592	0	-0.241503	
9.93244	-0.264094	0	-0.0968333	5.97093	1.79592	0	-0.241503	
9.90529	-0.264094	0	-0.0968333	5.94378	1.79592	0	-0.241503	
9.96266	-0.264094	0	-0.0968333	5.90645	1.79592	0	-0.241503	
9.96253	-0.264094	0	-0.0968333	5.90632	1.79592	0	-0.241503	
9.92853	-0.264094	0	-0.0968333	5.87231	1.79592	0	-0.241503	
9.89375	-0.264094	0	-0.0968333	5.83753	1.79592	0	-0.241503	
9.86918	-0.264094	0	-0.0968333	5.81296	1.79592	0	-0.241503	
9.99578	-0.264094	0	-0.0968333	5.80874	1.79592	0	-0.241503	
9.96054	-0.264094	0	-0.0968333	5.7735	1.79592	0	-0.241503	
9.92908	-0.264094	0	-0.0968333	5.74204	1.79592	0	-0.241503	
9.89624	-0.264094	0	-0.0968333	5.7092	1.79592	0	-0.241503	
9.99951	-0.264094	0	-0.0968333	5.70871	1.79592	0	-0.241503	
9.96364	-0.264094	0	-0.0968333	5.67285	1.79592	0	-0.241503	
9.93586	-0.264094	0	-0.0968333	5.64507	1.79592	0	-0.241503	
9.96281	-0.264094	0	-0.0968333	5.60787	1.79592	0	-0.241503	
9.96268	-0.264094	0	-0.0968333	5.60774	1.79592	0	-0.241503	
9.93286	-0.264094	0	-0.0968333	5.57793	1.79592	0	-0.241503	
9.89414	-0.264094	0	-0.0968333	5.5392	1.79592	0	-0.241503	
9.87057	-0.264094	0	-0.0968333	5.51564	1.79592	0	-0.241503	
9.99317	-0.264094	0	-0.0968333	5.5088	1.79592	0	-0.241503	
9.96299	-0.264094	0	-0.0968333	5.47862	1.79592	0	-0.241503	
9.92977	-0.264094	0	-0.0968333	5.4454	1.79592	0	-0.241503	
9.89366	-0.264094	0	-0.0968333	5.40929	1.79592	0	-0.241503	
9.99945	-0.264094	0	-0.0968333	5.40874	1.79592	0	-0.241503	
9.97097	-0.264094	0	-0.0968333	5.38026	1.79592	0	-0.241503	
9.93639	-0.264094	0	-0.0968333	5.34568	1.79592	0	-0.241503	
9.90232	-0.264094	0	-0.0968333	5.31162	1.79592	0	-0.241503	
9.99712	-0.264094	0	-0.0968333	5.30874	1.79592	0	-0.241503	
9.97186	-0.264094	0	-0.0968333	5.28348	1.79592	0	-0.241503	
9.93473	-0.264094	0	-0.0968333	5.24635	1.79592	0	-0.241503	
9.89999	-0.264094	0	-0.0968333	5.21161	1.79592	0	-0.241503	
9.99718	-0.264094	0	-0.0968333	5.20878	1.79592	0	-0.241503	
9.96946	-0.264094	0	-0.0968333	5.18107	1.79592	0	-0.241503	
9.93697	-0.264094	0	-0.0968333	5.14858	1.79592	0	-0.241503	
9.9042	-0.264094	0	-0.0968333	5.11581	1.79592	0	-0.241503	
9.99293	-0.264094	0	-0.0968333	5.10874	1.79592	0	-0.241503	
9.96267	-0.264094	0	-0.0968333	5.07848	1.79592	0	-0.241503	
9.93468	-0.264094	0	-0.0968333	5.05049	1.79592	0	-0.241503	
9.90104	-0.264094	0	-0.0968333	5.01685	1.79592	0	-0.241503	
9.99193	-0.264094	0	-0.0968333	5.00879	1.79592	0	-0.241503	
9.96678	-0.264094	0	-0.0968333	4.98363	1.79592	0	-0.241503	
9.92944	-0.264094	0	-0.0968333	4.94629	1.79592	0	-0.241503	
9.90228	-0.264094	0	-0.0968333	4.91913	1.79592	0	-0.241503	
9.98961	-0.264094	0	-0.0968333	4.90874	1.79592	0	-0.241503	
9.96597	-0.264094	0	-0.0968333	4.8851	1.79592	0	-0.241503	
9.9323	-0.264094	0	-0.0968333	4.85143	1.79592	0	-0.241503	
9.89911	-0.264094	0	-0.0968333	4.81824	1.79592	0	-0.241503	
9.9665	-0.264094	0	-0.0968333	4.78474	1.79592	0	-0.241503	
9.96636	-0.264094	0	-0.0968333	4.7846	1.79592	0	-0.241503	
9.9332	-0.264094	0	-0.0968333	4.75144	1.79592	0	-0.241503	
9.90208	-0.264094	0	-0.0968333	4.72032	1.79592	0	-0.241503	
9.96447	-0.264094	0	-0.0968333	4.68479	1.79592	0	-0.241503	
9.96434	-0.264094	0	-0.0968333	4.68467	1.79592	0	-0.241503	
9.93108	-0.264094	0	-0.0968333	4.6514	1.79592	0	-0.241503	
9.90439	-0.264094	0	-0.0968333	4.62472	1.79592	0	-0.241503	
9.96142	-0.264094	0	-0.0968333	4.58613	1.79592	0	-0.241503	
9.96128	-0.264094	0	-0.0968333	4.58599	1.79592	0	-0.241503	
9.92778	-0.264094	0	-0.0968333	4.55249	1.79592	0	-0.241503	
9.89699	-0.264094	0	-0.0968333	4.5217	1.79592	0	-0.241503	
9.96392	-0.264094	0	-0.0968333	4.48563	1.79592	0	-0.241503	
9.9638	-0.264094	0	-0.0968333	4.4855	1.79592	0	-0.241503	
9.93579	-0.264094	0	-0.0968333	4.45749	1.79592	0	-0.241503	
9.89788	-0.264094	0	-0.0968333	4.41958	1.79592	0	-0.241503	
9.96662	-0.264094	0	-0.0968333	4.38619	1.79592	0	-0.241503	
9.96648	-0.264094	0	-0.0968333	4.38606	1.79592	0	-0.241503	
9.94115	-0.264094	0	-0.0968333	4.36073	1.79592	0	-0.241503	
9.90288	-0.264094	0	-0.0968333	4.32246	1.79592	0	-0.241503	
9.96567	-0.264094	0	-0.0968333	4.28812	1.79592	0	-0.241503	
9.96555	-0.264094	0	-0.0968333	4.28801	1.79592	0	-0.241503	
9.93425	-0.264094	0	-0.0968333	4.25671	1.79592	0	-0.241503	
9.90052	-0.264094	0	-0.0968333	4.22298	1.79592	0	-0.241503	
9.96835	-0.264094	0	-0.0968333	4.19133	1.79592	0	-0.241503	
9.96823	-0.264094	0	-0.0968333	4.1912	1.79592	0	-0.241503	
9.93491	-0.264094	0	-0.0968333	4.15789	1.79592	0	-0.241503	
9.90253	-0.264094	0	-0.0968333	4.12551	1.79592	0	-0.241503	
9.96348	-0.264094	0	-0.0968333	4.08899	1.79592	0	-0.241503	
9.96324	-0.264094	0	-0.0968333	4.08875	1.79592	0	-0.241503	
9.93538	-0.264094	0	-0.0968333	4.06089	1.79592	0	-0.241503	
9.89867	-0.264094	0	-0.0968333	4.02418	1.79592	0	-0.241503	
9.97172	-0.264094	0	-0.0968333	3.99591	1.79592	0	-0.241503	
9.97159	-0.264094	0	-0.0968333	3.99577	1.79592	0	-0.241503	
9.9284	-0.264094	0	-0.0968333	3.95258	1.79592	0	-0.241503	
9.90781	-0.264094	0	-0.0968333	3.932	1.79592	0	-0.241503	
9.95958	-0.264094	0	-0.0968333	3.89158	1.79592	0	-0.241503	
9.95944	-0.264094	0	-0.0968333	3.89144	1.79592	0	-0.241503	
9.92975	-0.264094	0	-0.0968333	3.86175	1.79592	0	-0.241503	
9.89132	-0.264094	0	-0.0968333	3.82331	1.79592	0	-0.241503	
9.97635	-0.264094	0	-0.0968333	3.79966	1.79592	0	-0.241503	
9.97622	-0.264094	0	-0.0968333	3.79954	1.79592	0	-0.241503	
9.93571	-0.264094	0	-0.0968333	3.75902	1.79592	0	-0.241503	
9.90715	-0.264094	0	-0.0968333	3.73046	1.79592	0	-0.241503	
9.96663	-0.264094	0	-0.0968333	3.69709	1.79592	0	-0.241503	
9.96649	-0.264094	0	-0.0968333	3.69695	1.79592	0	-0.241503	
9.93392	-0.264094	0	-0.0968333	3.66438	1.79592	0	-0.241503	
9.89988	-0.264094	0	-0.0968333	3.63035	1.79592	0	-0.241503	
9.96791	-0.264094	0	-0.0968333	3.59825	1.79592	0	-0.241503	
9.96779	-0.264094	0	-0.0968333	3.59813	1.79592	0	-0.241503	
9.93442	-0.264094	0	-0.0968333	3.56476	1.79592	0	-0.241503	
9.9026	-0.264094	0	-0.0968333	3.53295	1.79592	0	-0.241503	
9.96591	-0.264094	0	-0.0968333	3.49885	1.79592	0	-0.241503	
9.96576	-0.264094	0	-0.0968333	3.49871	1.79592	0	-0.241503	
9.93277	-0.264094	0	-0.0968333	3.46572	1.79592	0	-0.241503	
9.90089	-0.264094	0	-0.0968333	3.43384	1.79592	0	-0.241503	
9.96361	-0.264094	0	-0.0968333	3.39745	1.79592	0	-0.241503	
9.96344	-0.264094	0	-0.0968333	3.39729	1.79592	0	-0.241503	
9.93344	-0.264094	0	-0.0968333	3.36728	1.79592	0	-0.241503	
9.89948	-0.264094	0	-0.0968333	3.33333	1.79592	0	-0.241503	
9.96442	-0.264094	0	-0.0968333	3.29775	1.79592	0	-0.241503	
9.96427	-0.264094	0	-0.0968333	3.2976	1.79592	0	-0.241503	
9.93582	-0.264094	0	-0.0968333	3.26915	1.79592	0	-0.241503	
9.89966	-0.264094	0	-0.0968333	3.23299	1.79592	0	-0.241503	
9.96552	-0.264094	0	-0.0968333	3.1985	1.79592	0	-0.241503	
9.96538	-0.264094	0	-0.0968333	3.19836	1.79592	0	-0.241503	
9.94013	-0.264094	0	-0.0968333	3.17311	1.79592	0	-0.241503	
9.9013	-0.264094	0	-0.0968333	3.13429	1.79592	0	-0.241503	
9.96617	-0.264094	0	-0.0968333	3.10046	1.79592	0	-0.241503	
9.96604	-0.264094	0	-0.0968333	3.10033	1.79592	0	-0.241503	
9.93912	-0.264094	0	-0.0968333	3.07341	1.79592	0	-0.241503	
9.90265	-0.264094	0	-0.0968333	3.03694	1.79592	0	-0.241503	
9.96689	-0.264094	0	-0.0968333	3.00383	1.79592	0	-0.241503	
9.96676	-0.264094	0	-0.0968333	3.0037	1.79592	0	-0.241503	
9.93185	-0.264094	0	-0.0968333	2.96879	1.79592	0	-0.241503	
9.89982	-0.264094	0	-0.0968333	2.93676	1.79592	0	-0.241503	
9.96591	-0.264094	0	-0.0968333	2.90267	1.79592	0	-0.241503	
9.96576	-0.264094	0	-0.0968333	2.90252	1.79592	0	-0.241503	
9.93695	-0.264094	0	-0.0968333	2.87371	1.79592	0	-0.241503	
9.90104	-0.264094	0	-0.0968333	2.8378	1.79592	0	-0.241503	
9.9689	-0.264094	0	-0.0968333	2.8067	1.79592	0	-0.241503	
9.96878	-0.264094	0	-0.0968333	2.80658	1.79592	0	-0.241503	
9.9292	-0.264094	0	-0.0968333	2.767	1.79592	0	-0.241503	
9.90612	-0.264094	0	-0.0968333	2.74392	1.79592	0	-0.241503	
9.96252	-0.264094	0	-0.0968333	2.70644	1.79592	0	-0.241503	
9.96237	-0.264094	0	-0.0968333	2.70629	1.79592	0	-0.241503	
9.9297	-0.264094	0	-0.0968333	2.67362	1.79592	0	-0.241503	
9.89316	-0.264094	0	-0.0968333	2.63708	1.79592	0	-0.241503	
9.97132	-0.264094	0	-0.0968333	2.6084	1.79592	0	-0.241503	
9.97119	-0.264094	0	-0.0968333	2.60827	1.79592	0	-0.241503	
9.93658	-0.264094	0	-0.0968333	2.57367	1.79592	0	-0.241503	
9.90249	-0.264094	0	-0.0968333	2.53957	1.79592	0	-0.241503	
9.87436	-0.264094	0	-0.0968333	2.51144	1.79592	0	-0.241503	
9.99734	-0.264094	0	-0.0968333	2.50878	1.79592	0	-0.241503	
9.96329	-0.264094	0	-0.0968333	2.47472	1.79592	0	-0.241503	
9.92764	-0.264094	0	-0.0968333	2.43907	1.79592	0	-0.241503	
9.89929	-0.264094	0	-0.0968333	2.41073	1.79592	0	-0.241503	
9.998	-0.264094	0	-0.0968333	2.40873	1.79592	0	-0.241503	
9.96614	-0.264094	0	-0.0968333	2.37687	1.79592	0	-0.241503	
9.93089	-0.264094	0	-0.0968333	2.34161	1.79592	0	-0.241503	
9.96645	-0.264094	0	-0.0968333	2.30806	1.79592	0	-0.241503	
9.96631	-0.264094	0	-0.0968333	2.30793	1.79592	0	-0.241503	
9.93572	-0.264094	0	-0.0968333	2.27734	1.79592	0	-0.241503	
9.9032	-0.264094	0	-0.0968333	2.24481	1.79592	0	-0.241503	
9.87066	-0.264094	0	-0.0968333	2.21227	1.79592	0	-0.241503	
9.9965	-0.264094	0	-0.0968333	2.20878	1.79592	0	-0.241503	
9.96324	-0.264094	0	-0.0968333	2.17551	1.79592	0	-0.241503	
9.93335	-0.264094	0	-0.0968333	2.14562	1.79592	0	-0.241503	
9.90136	-0.264094	0	-0.0968333	2.11363	1.79592	0	-0.241503	
9.99517	-0.264094	0	-0.0968333	2.10881	1.79592	0	-0.241503	
9.96457	-0.264094	0	-0.0968333	2.07821	1.79592	0	-0.241503	
9.93455	-0.264094	0	-0.0968333	2.04818	1.79592	0	-0.241503	
9.89943	-0.264094	0	-0.0968333	2.01306	1.79592	0	-0.241503	
9.99573	-0.264094	0	-0.0968333	2.00879	1.79592	0	-0.241503	
9.96739	-0.264094	0	-0.0968333	1.98045	1.79592	0	-0.241503	
9.93472	-0.264094	0	-0.0968333	1.94778	1.79592	0	-0.241503	
9.89945	-0.264094	0	-0.0968333	1.91251	1.79592	0	-0.241503	
9.99627	-0.264094	0	-0.0968333	1.90878	1.79592	0	-0.241503	
9.96702	-0.264094	0	-0.0968333	1.87953	1.79592	0	-0.241503	
9.93985	-0.264094	0	-0.0968333	1.85236	1.79592	0	-0.241503	
9.90202	-0.264094	0	-0.0968333	1.81452	1.79592	0	-0.241503	
9.99427	-0.264094	0	-0.0968333	1.80879	1.79592	0	-0.241503	
9.96612	-0.264094	0	-0.0968333	1.78064	1.79592	0	-0.241503	
9.93427	-0.264094	0	-0.0968333	1.74879	1.79592	0	-0.241503	
9.89939	-0.264094	0	-0.0968333	1.71391	1.79592	0	-0.241503	
9.99484	-0.264094	0	-0.0968333	1.70875	1.79592	0	-0.241503	
9.96943	-0.264094	0	-0.0968333	1.68334	1.79592	0	-0.241503	
9.93413	-0.264094	0	-0.0968333	1.64804	1.79592	0	-0.241503	
9.90127	-0.264094	0	-0.0968333	1.61519	1.79592	0	-0.241503	
9.99364	-0.264094	0	-0.0968333	1.60882	1.79592	0	-0.241503	
9.97398	-0.264094	0	-0.0968333	1.58917	1.79592	0	-0.241503	
9.93545	-0.264094	0	-0.0968333	1.55064	1.79592	0	-0.241503	
9.90135	-0.264094	0	-0.0968333	1.51654	1.79592	0	-0.241503	
9.96826	-0.264094	0	-0.0968333	1.48479	1.79592	0	-0.241503	
9.9681	-0.264094	0	-0.0968333	1.48464	1.79592	0	-0.241503	
9.9341	-0.264094	0	-0.0968333	1.45064	1.79592	0	-0.241503	
9.90356	-0.264094	0	-0.0968333	1.42009	1.79592	0	-0.241503	
9.96407	-0.264094	0	-0.0968333	1.38416	1.79592	0	-0.241503	
9.96392	-0.264094	0	-0.0968333	1.38401	1.79592	0	-0.241503	
9.93346	-0.264094	0	-0.0968333	1.35356	1.79592	0	-0.241503	
9.89695	-0.264094	0	-0.0968333	1.31704	1.79592	0	-0.241503	
9.99139	-0.264094	0	-0.0968333	1.30843	1.79592	0	-0.241503	
9.97203	-0.264094	0	-0.0968333	1.28907	1.79592	0	-0.241503	
9.93598	-0.264094	0	-0.0968333	1.25302	1.79592	0	-0.241503	
9.90406	-0.264094	0	-0.0968333	1.2211	1.79592	0	-0.241503	
9.96452	-0.264094	0	-0.0968333	1.18562	1.79592	0	-0.241503	
9.96439	-0.264094	0	-0.0968333	1.18549	1.79592	0	-0.241503	
9.93585	-0.264094	0	-0.0968333	1.15695	1.79592	0	-0.241503	
9.8987	-0.264094	0	-0.0968333	1.1198	1.79592	0	-0.241503	
9.9687	-0.264094	0	-0.0968333	1.0885	1.79592	0	-0.241503	
9.96858	-0.264094	0	-0.0968333	1.08838	1.79592	0	-0.241503	
9.93816	-0.264094	0	-0.0968333	1.05796	1.79592	0	-0.241503	
9.90311	-0.264094	0	-0.0968333	1.02291	1.79592	0	-0.241503	
9.96422	-0.264094	0	-0.0968333	0.987126	1.79592	0	-0.241503	
9.96409	-0.264094	0	-0.0968333	0.986996	1.79592	0	-0.241503	
9.93479	-0.264094	0	-0.0968333	0.957693	1.79592	0	-0.241503	
9.90255	-0.264094	0	-0.0968333	0.92546	1.79592	0	-0.241503	
9.96612	-0.264094	0	-0.0968333	0.891582	1.79592	0	-0.241503	
9.96601	-0.264094	0	-0.0968333	0.891466	1.79592	0	-0.241503	
9.92877	-0.264094	0	-0.0968333	0.854228	1.79592	0	-0.241503	
9.90283	-0.264094	0	-0.0968333	0.828294	1.79592	0	-0.241503	
9.96436	-0.264094	0	-0.0968333	0.792652	1.79592	0	-0.241503	
9.96423	-0.264094	0	-0.0968333	0.79252	1.79592	0	-0.241503	
9.93162	-0.264094	0	-0.0968333	0.759918	1.79592	0	-0.241503	
9.8944	-0.264094	0	-0.0968333	0.722695	1.79592	0	-0.241503	
9.97176	-0.264094	0	-0.0968333	0.694459	1.79592	0	-0.241503	
9.97163	-0.264094	0	-0.0968333	0.694323	1.79592	0	-0.241503	
9.93884	-0.264094	0	-0.0968333	0.66153	1.79592	0	-0.241503	
9.90336	-0.264094	0	-0.0968333	0.626056	1.79592	0	-0.241503	
9.9674	-0.264094	0	-0.0968333	0.593458	1.79592	0	-0.241503	
9.96726	-0.264094	0	-0.0968333	0.593321	1.79592	0	-0.241503	
9.93446	-0.264094	0	-0.0968333	0.560518	1.79592	0	-0.241503	
9.90717	-0.264094	0	-0.0968333	0.533223	1.79592	0	-0.241503	
9.96255	-0.264094	0	-0.0968333	0.495771	1.79592	0	-0.241503	
9.9624	-0.264094	0	-0.0968333	0.495619	1.79592	0	-0.241503	
9.92704	-0.264094	0	-0.0968333	0.460258	1.79592	0	-0.241503	
9.89376	-0.264094	0	-0.0968333	0.426979	1.79592	0	-0.241503	
9.97406	-0.264094	0	-0.0968333	0.401042	1.79592	0	-0.241503	
9.97393	-0.264094	0	-0.0968333	0.400908	1.79592	0	-0.241503	
9.93681	-0.264094	0	-0.0968333	0.36379	1.79592	0	-0.241503	
9.90092	-0.264094	0	-0.0968333	0.327899	1.79592	0	-0.241503	
9.96604	-0.264094	0	-0.0968333	0.293937	1.79592	0	-0.241503	
9.96591	-0.264094	0	-0.0968333	0.293811	1.79592	0	-0.241503	
9.9399	-0.264094	0	-0.0968333	0.267797	1.79592	0	-0.241503	
9.9019	-0.264094	0	-0.0968333	0.2298	1.79592	0	-0.241503	
9.96694	-0.264094	0	-0.0968333	0.196737	1.79592	0	-0.241503	
9.9668	-0.264094	0	-0.0968333	0.196597	1.79592	0	-0.241503	
9.93575	-0.264094	0	-0.0968333	0.165548	1.79592	0	-0.241503	
9.89972	-0.264094	0	-0.0968333	0.12952	1.79592	0	-0.241503	
9.97166	-0.264094	0	-0.0968333	0.101184	1.79592	0	-0.241503	
9.97154	-0.264094	0	-0.0968333	0.101061	1.79592	0	-0.241503	
9.93417	-0.264094	0	-0.0968333	0.063686	1.79592	0	-0.241503	
9.90438	-0.264094	0	-0.0968333	0.033903	1.79592	0	-0.241503	
9.96302	-0.264094	0	-0.0968333	
9.96288	-0.264094	0	-0.0968333	
9.93767	-0.264094	0	-0.0968333	
9.89839	-0.264094	0	-0.0968333	
9.96849	-0.264094	0	-0.0968333	
9.96835	-0.264094	0	-0.0968333	
9.9364	-0.264094	0	-0.0968333	
9.90346	-0.264094	0	-0.0968333	
9.96555	-0.264094	0	-0.0968333	
9.96535	-0.264094	0	-0.0968333	
9.9336	-0.264094	0	-0.0968333	
9.90181	-0.264094	0	-0.0968333	
9.96568	-0.264094	0	-0.0968333	
9.96556	-0.264094	0	-0.0968333	
9.92981	-0.264094	0	-0.0968333	
9.90012	-0.264094	0	-0.0968333	
9.96749	-0.264094	0	-0.0968333	
9.96735	-0.264094	0	-0.0968333	
9.93454	-0.264094	0	-0.0968333	
9.89735	-0.264094	0	-0.0968333	
9.97157	-0.264094	0	-0.0968333	
9.97145	-0.264094	0	-0.0968333	
9.93859	-0.264094	0	-0.0968333	
9.90513	-0.264094	0	-0.0968333	
9.96498	-0.264094	0	-0.0968333	
9.96485	-0.264094	0	-0.0968333	
9.93266	-0.264094	0	-0.0968333	
9.90054	-0.264094	0	-0.0968333	
9.96489	-0.264094	0	-0.0968333	
9.96475	-0.264094	0	-0.0968333	
9.93554	-0.264094	0	-0.0968333	
9.89692	-0.264094	0	-0.0968333	
9.87298	-0.264094	0	-0.0968333	
9.99517	-0.264094	0	-0.0968333	
9.96388	-0.264094	0	-0.0968333	
9.9275	-0.264094	0	-0.0968333	
9.96642	-0.264094	0	-0.0968333	
9.96626	-0.264094	0	-0.0968333	
9.93957	-0.264094	0	-0.0968333	
9.90007	-0.264094	0	-0.0968333	
9.86915	-0.264094	0	-0.0968333	
9.99848	-0.264094	0	-0.0968333	
9.96723	-0.264094	0	-0.0968333	
9.93271	-0.264094	0	-0.0968333	
9.9014	-0.264094	0	-0.0968333	
9.9971	-0.264094	0	-0.0968333	
9.96849	-0.264094	0	-0.0968333	
9.93015	-0.264094	0	-0.0968333	
9.90511	-0.264094	0	-0.0968333	
9.99196	-0.264094	0	-0.0968333	
9.96141	-0.264094	0	-0.0968333	
9.92755	-0.264094	0	-0.0968333	
9.89969	-0.264094	0	-0.0968333	
9.9923	-0.264094	0	-0.0968333	
9.95649	-0.264094	0	-0.0968333	
9.93583	-0.264094	0	-0.0968333	
9.89781	-0.264094	0	-0.0968333	
9.99449	-0.264094	0	-0.0968333	
9.96651	-0.264094	0	-0.0968333	
9.93086	-0.264094	0	-0.0968333	
9.90182	-0.264094	0	-0.0968333	
9.99262	-0.264094	0	-0.0968333	
9.96362	-0.264094	0	-0.0968333	
9.93349	-0.264094	0	-0.0968333	
9.89608	-0.264094	0	-0.0968333	
9.99661	-0.264094	0	-0.0968333	
9.97585	-0.264094	0	-0.0968333	
9.93552	-0.264094	0	-0.0968333	
9.90411	-0.264094	0	-0.0968333	
9.99244	-0.264094	0	-0.0968333	
9.96704	-0.264094	0	-0.0968333	
9.93468	-0.264094	0	-0.0968333	
9.89936	-0.264094	0	-0.0968333	
9.96825	-0.264094	0	-0.0968333	
9.96814	-0.264094	0	-0.0968333	
9.94006	-0.264094	0	-0.0968333	
9.90347	-0.264094	0	-0.0968333	
9.96389	-0.264094	0	-0.0968333	
9.96376	-0.264094	0	-0.0968333	
9.93522	-0.264094	0	-0.0968333	
9.90189	-0.264094	0	-0.0968333	
9.96395	-0.264094	0	-0.0968333	
9.9638	-0.264094	0	-0.0968333	
9.93528	-0.264094	0	-0.0968333	
9.89659	-0.264094	0	-0.0968333	
9.97557	-0.264094	0	-0.0968333	
9.97544	-0.264094	0	-0.0968333	
9.93778	-0.264094	0	-0.0968333	
9.90475	-0.264094	0	-0.0968333	
9.96678	-0.264094	0	-0.0968333	
9.96663	-0.264094	0	-0.0968333	
9.93878	-0.264094	0	-0.0968333	
9.90089	-0.264094	0	-0.0968333	
9.96459	-0.264094	0	-0.0968333	
9.96446	-0.264094	0	-0.0968333	
9.93193	-0.264094	0	-0.0968333	
9.90563	-0.264094	0	-0.0968333	
9.96024	-0.264094	0	-0.0968333	
9.96011	-0.264094	0	-0.0968333	
9.92956	-0.264094	0	-0.0968333	
9.8967	-0.264094	0	-0.0968333	
9.96303	-0.264094	0	-0.0968333	
9.9629	-0.264094	0	-0.0968333	
9.93853	-0.264094	0	-0.0968333	
9.90064	-0.264094	0	-0.0968333	
9.96716	-0.264094	0	-0.0968333	
9.96704	-0.264094	0	-0.0968333	
9.93195	-0.264094	0	-0.0968333	
9.90202	-0.264094	0	-0.0968333	
9.96492	-0.264094	0	-0.0968333	
9.96481	-0.264094	0	-0.0968333	
9.93298	-0.264094	0	-0.0968333	
9.8968	-0.264094	0	-0.0968333	
9.97539	-0.264094	0	-0.0968333	
9.97526	-0.264094	0	-0.0968333	
9.93535	-0.264094	0	-0.0968333	
9.90351	-0.264094	0	-0.0968333	
9.96463	-0.264094	0	-0.0968333	
9.96444	-0.264094	0	-0.0968333	
9.93625	-0.264094	0	-0.0968333	
9.90091	-0.264094	0	-0.0968333	
9.96579	-0.264094	0	-0.0968333	
9.96564	-0.264094	0	-0.0968333	
9.9383	-0.264094	0	-0.0968333	
9.90247	-0.264094	0	-0.0968333	
9.96304	-0.264094	0	-0.0968333	
9.96291	-0.264094	0	-0.0968333	
9.93339	-0.264094	0	-0.0968333	
9.90102	-0.264094	0	-0.0968333	
9.96621	-0.264094	0	-0.0968333	
9.96608	-0.264094	0	-0.0968333	
9.93038	-0.264094	0	-0.0968333	
9.90113	-0.264094	0	-0.0968333	
9.96696	-0.264094	0	-0.0968333	
9.96684	-0.264094	0	-0.0968333	
9.93117	-0.264094	0	-0.0968333	
9.89809	-0.264094	0	-0.0968333	
9.96869	-0.264094	0	-0.0968333	
9.96857	-0.264094	0	-0.0968333	
9.93759	-0.264094	0	-0.0968333	
9.90314	-0.264094	0	-0.0968333	
9.96663	-0.264094	0	-0.0968333	
9.96651	-0.264094	0	-0.0968333	
9.93314	-0.264094	0	-0.0968333	
9.89948	-0.264094	0	-0.0968333	
9.96914	-0.264094	0	-0.0968333	
9.969	-0.264094	0	-0.0968333	
9.93369	-0.264094	0	-0.0968333	
9.89993	-0.264094	0	-0.0968333	
9.87447	-0.264094	0	-0.0968333	
9.99953	-0.264094	0	-0.0968333	
9.96028	-0.264094	0	-0.0968333	
9.9273	-0.264094	0	-0.0968333	
9.96545	-0.264094	0	-0.0968333	
9.96533	-0.264094	0	-0.0968333	
9.94017	-0.264094	0	-0.0968333	
9.90146	-0.264094	0	-0.0968333	
9.96612	-0.264094	0	-0.0968333	
9.966	-0.264094	0	-0.0968333	
9.93165	-0.264094	0	-0.0968333	
9.90655	-0.264094	0	-0.0968333	
9.96117	-0.264094	0	-0.0968333	
9.96103	-0.264094	0	-0.0968333	
9.92922	-0.264094	0	-0.0968333	
9.89689	-0.264094	0	-0.0968333	
9.96414	-0.264094	0	-0.0968333	
9.96399	-0.264094	0	-0.0968333	
9.93515	-0.264094	0	-0.0968333	
9.9008	-0.264094	0	-0.0968333	
9.96633	-0.264094	0	-0.0968333	
9.96621	-0.264094	0	-0.0968333	
9.93193	-0.264094	0	-0.0968333	
9.90395	-0.264094	0	-0.0968333	
9.86711	-0.264094	0	-0.0968333	
9.9994	-0.264094	0	-0.0968333	
9.96587	-0.264094	0	-0.0968333	
9.93847	-0.264094	0	-0.0968333	
9.90143	-0.264094	0	-0.0968333	
9.99796	-0.264094	0	-0.0968333	
9.96567	-0.264094	0	-0.0968333	
9.9329	-0.264094	0	-0.0968333	
9.90436	-0.264094	0	-0.0968333	
9.99362	-0.264094	0	-0.0968333	
9.96233	-0.264094	0	-0.0968333	
9.92901	-0.264094	0	-0.0968333	
9.8976	-0.264094	0	-0.0968333	
9.99599	-0.264094	0	-0.0968333	
9.96602	-0.264094	0	-0.0968333	
9.93465	-0.264094	0	-0.0968333	
9.89821	-0.264094	0	-0.0968333	
9.99779	-0.264094	0	-0.0968333	
9.97195	-0.264094	0	-0.0968333	
9.93121	-0.264094	0	-0.0968333	
9.90941	-0.264094	0	-0.0968333	
9.98831	-0.264094	0	-0.0968333	
9.9589	-0.264094	0	-0.0968333	
9.92989	-0.264094	0	-0.0968333	
9.89679	-0.264094	0	-0.0968333	
9.99164	-0.264094	0	-0.0968333	
9.96671	-0.264094	0	-0.0968333	
9.93282	-0.264094	0	-0.0968333	
9.89775	-0.264094	0	-0.0968333	
9.99388	-0.264094	0	-0.0968333	
9.97402	-0.264094	0	-0.0968333	
9.93689	-0.264094	0	-0.0968333	
9.90153	-0.264094	0	-0.0968333	
9.9656	-0.264094	0	-0.0968333	
9.96546	-0.264094	0	-0.0968333	
9.94042	-0.264094	0	-0.0968333	
9.90225	-0.264094	0	-0.0968333	
9.96512	-0.264094	0	-0.0968333	
9.96499	-0.264094	0	-0.0968333	
9.93186	-0.264094	0	-0.0968333	
9.90423	-0.264094	0	-0.0968333	
9.96377	-0.264094	0	-0.0968333	
9.96363	-0.264094	0	-0.0968333	
9.92978	-0.264094	0	-0.0968333	
9.89521	-0.264094	0	-0.0968333	
9.97527	-0.264094	0	-0.0968333	
9.97514	-0.264094	0	-0.0968333	
9.9358	-0.264094	0	-0.0968333	
9.90416	-0.264094	0	-0.0968333	
9.968	-0.264094	0	-0.0968333	
9.96787	-0.264094	0	-0.0968333	
9.93069	-0.264094	0	-0.0968333	
9.90607	-0.264094	0	-0.0968333	
9.96004	-0.264094	0	-0.0968333	
9.95991	-0.264094	0	-0.0968333	
9.92851	-0.264094	0	-0.0968333	
9.89241	-0.264094	0	-0.0968333	
9.97136	-0.264094	0	-0.0968333	
9.97124	-0.264094	0	-0.0968333	
9.93499	-0.264094	0	-0.0968333	
9.90385	-0.264094	0	-0.0968333	
9.96622	-0.264094	0	-0.0968333	
9.96609	-0.264094	0	-0.0968333	
9.93509	-0.264094	0	-0.0968333	
9.89983	-0.264094	0	-0.0968333	
9.96792	-0.264094	0	-0.0968333	
9.96778	-0.264094	0	-0.0968333	
9.93551	-0.264094	0	-0.0968333	
9.90225	-0.264094	0	-0.0968333	
9.9639	-0.264094	0	-0.0968333	
9.96378	-0.264094	0	-0.0968333	
9.93551	-0.264094	0	-0.0968333	
9.90105	-0.264094	0	-0.0968333	
9.9658	-0.264094	0	-0.0968333	
9.96568	-0.264094	0	-0.0968333	
9.93237	-0.264094	0	-0.0968333	
9.90086	-0.264094	0	-0.0968333	
9.86959	-0.264094	0	-0.0968333	
9.83594	-0.264094	0	-0.0968333	
9.80094	-0.264094	0	-0.0968333	
9.76828	-0.264094	0	-0.0968333	
9.74173	-0.264094	0	-0.0968333	
9.70283	-0.264094	0	-0.0968333	
9.66969	-0.264094	0	-0.0968333	
9.63505	-0.264094	0	-0.0968333	
9.6086	-0.264094	0	-0.0968333	
9.56866	-0.264094	0	-0.0968333	
9.53685	-0.264094	0	-0.0968333	
9.50235	-0.264094	0	-0.0968333	
9.47678	-0.264094	0	-0.0968333	
9.43821	-0.264094	0	-0.0968333	
9.40433	-0.264094	0	-0.0968333	
9.36997	-0.264094	0	-0.0968333	
9.34419	-0.264094	0	-0.0968333	
9.30541	-0.264094	0	-0.0968333	
9.27348	-0.264094	0	-0.0968333	
9.24128	-0.264094	0	-0.0968333	
9.20612	-0.264094	0	-0.0968333	
9.17585	-0.264094	0	-0.0968333	
9.14243	-0.264094	0	-0.0968333	
9.10965	-0.264094	0	-0.0968333	
9.0718	-0.264094	0	-0.0968333	
9.04729	-0.264094	0	-0.0968333	
9.0089	-0.264094	0	-0.0968333	
8.97559	-0.264094	0	-0.0968333	
8.9482	-0.264094	0	-0.0968333	
8.91121	-0.264094	0	-0.0968333	
8.87704	-0.264094	0	-0.0968333	
8.84391	-0.264094	0	-0.0968333	
8.81503	-0.264094	0	-0.0968333	
8.7787	-0.264094	0	-0.0968333	
8.74323	-0.264094	0	-0.0968333	
8.71356	-0.264094	0	-0.0968333	
8.68139	-0.264094	0	-0.0968333	
8.64757	-0.264094	0	-0.0968333	
8.61422	-0.264094	0	-0.0968333	
8.58177	-0.264094	0	-0.0968333	
8.54929	-0.264094	0	-0.0968333	
8.51642	-0.264094	0	-0.0968333	
8.48166	-0.264094	0	-0.0968333	
8.44767	-0.264094	0	-0.0968333	
8.42105	-0.264094	0	-0.0968333	
8.38304	-0.264094	0	-0.0968333	
8.35013	-0.264094	0	-0.0968333	
8.31454	-0.264094	0	-0.0968333	
8.28932	-0.264094	0	-0.0968333	
8.25178	-0.264094	0	-0.0968333	
8.21661	-0.264094	0	-0.0968333	
8.18881	-0.264094	0	-0.0968333	
8.15262	-0.264094	0	-0.0968333	
8.11966	-0.264094	0	-0.0968333	
8.08561	-0.264094	0	-0.0968333	
8.05297	-0.264094	0	-0.0968333	
8.01934	-0.264094	0	-0.0968333	
7.98771	-0.264094	0	-0.0968333	
7.95288	-0.264094	0	-0.0968333	
7.92096	-0.264094	0	-0.0968333	
7.88877	-0.264094	0	-0.0968333	
7.85711	-0.264094	0	-0.0968333	
7.82162	-0.264094	0	-0.0968333	
7.78831	-0.264094	0	-0.0968333	
7.76053	-0.264094	0	-0.0968333	
7.72308	-0.264094	0	-0.0968333	
7.68791	-0.264094	0	-0.0968333	
7.65746	-0.264094	0	-0.0968333	
7.62036	-0.264094	0	-0.0968333	
7.59632	-0.264094	0	-0.0968333	
7.55522	-0.264094	0	-0.0968333	
7.52564	-0.264094	0	-0.0968333	
7.49345	-0.264094	0	-0.0968333	
7.46036	-0.264094	0	-0.0968333	
7.4234	-0.264094	0	-0.0968333	
7.393	-0.264094	0	-0.0968333	
7.36104	-0.264094	0	-0.0968333	
7.32712	-0.264094	0	-0.0968333	
7.29077	-0.264094	0	-0.0968333	
7.26274	-0.264094	0	-0.0968333	
7.22889	-0.264094	0	-0.0968333	
7.1937	-0.264094	0	-0.0968333	
7.16012	-0.264094	0	-0.0968333	
7.12994	-0.264094	0	-0.0968333	
7.09731	-0.264094	0	-0.0968333	
7.06395	-0.264094	0	-0.0968333	
7.02976	-0.264094	0	-0.0968333	
6.99762	-0.264094	0	-0.0968333	
6.96143	-0.264094	0	-0.0968333	
6.93241	-0.264094	0	-0.0968333	
6.89666	-0.264094	0	-0.0968333	
6.86932	-0.264094	0	-0.0968333	
6.83268	-0.264094	0	-0.0968333	
6.79917	-0.264094	0	-0.0968333	
6.76497	-0.264094	0	-0.0968333	
6.72972	-0.264094	0	-0.0968333	
6.7043	-0.264094	0	-0.0968333	
6.66604	-0.264094	0	-0.0968333	
6.63318	-0.264094	0	-0.0968333	
6.60044	-0.264094	0	-0.0968333	
6.56664	-0.264094	0	-0.0968333	
6.53624	-0.264094	0	-0.0968333	
6.50037	-0.264094	0	-0.0968333	
6.46938	-0.264094	0	-0.0968333	
6.4327	-0.264094	0	-0.0968333	
6.40832	-0.264094	0	-0.0968333	
6.37084	-0.264094	0	-0.0968333	
6.33746	-0.264094	0	-0.0968333	
6.30097	-0.264094	0	-0.0968333	
6.27349	-0.264094	0	-0.0968333	
6.23771	-0.264094	0	-0.0968333	
6.20462	-0.264094	0	-0.0968333	
6.1765	-0.264094	0	-0.0968333	
6.13878	-0.264094	0	-0.0968333	
6.10421	-0.264094	0	-0.0968333	
6.07257	-0.264094	0	-0.0968333	
6.04363	-0.264094	0	-0.0968333	
6.00728	-0.264094	0	-0.0968333	
5.97167	-0.264094	0	-0.0968333	
5.94228	-0.264094	0	-0.0968333	
5.90966	-0.264094	0	-0.0968333	
5.87635	-0.264094	0	-0.0968333	
5.83945	-0.264094	0	-0.0968333	
5.8113	-0.264094	0	-0.0968333	
5.77795	-0.264094	0	-0.0968333	
5.74237	-0.264094	0	-0.0968333	
5.71284	-0.264094	0	-0.0968333	
5.67514	-0.264094	0	-0.0968333	
5.65047	-0.264094	0	-0.0968333	
5.61366	-0.264094	0	-0.0968333	
5.57913	-0.264094	0	-0.0968333	
5.54746	-0.264094	0	-0.0968333	
5.51479	-0.264094	0	-0.0968333	
5.48034	-0.264094	0	-0.0968333	
5.44713	-0.264094	0	-0.0968333	
5.41448	-0.264094	0	-0.0968333	
5.38342	-0.264094	0	-0.0968333	
5.34728	-0.264094	0	-0.0968333	
5.3148	-0.264094	0	-0.0968333	
5.28032	-0.264094	0	-0.0968333	
5.25419	-0.264094	0	-0.0968333	
5.21577	-0.264094	0	-0.0968333	
5.18175	-0.264094	0	-0.0968333	
5.15047	-0.264094	0	-0.0968333	
5.11268	-0.264094	0	-0.0968333	
5.0892	-0.264094	0	-0.0968333	
5.04972	-0.264094	0	-0.0968333	
5.01835	-0.264094	0	-0.0968333	
9.96235	-1.08976	0.00367677	0.634958	4.9807	-0.264094	0	-0.0968333	
9.96215	-1.08976	0.00367677	0.634958	4.9805	-0.264094	0	-0.0968333	
9.93559	-1.08976	0.00367677	0.634958	4.95394	-0.264094	0	-0.0968333	
9.89889	-1.08976	0.00367677	0.634958	4.91724	-0.264094	0	-0.0968333	
9.86709	-1.08976	0.00367677	0.634958	4.88543	-0.264094	0	-0.0968333	
9.99565	-1.08976	0.00367677	0.634958	4.88108	-0.264094	0	-0.0968333	
9.96496	-1.08976	0.00367677	0.634958	4.8504	-0.264094	0	-0.0968333	
9.93504	-1.08976	0.00367677	0.634958	4.82047	-0.264094	0	-0.0968333	
9.89851	-1.08976	0.00367677	0.634958	4.78395	-0.264094	0	-0.0968333	
9.99716	-1.08976	0.00367677	0.634958	4.78111	-0.264094	0	-0.0968333	
9.96954	-1.08976	0.00367677	0.634958	4.75348	-0.264094	0	-0.0968333	
9.9386	-1.08976	0.00367677	0.634958	4.72254	-0.264094	0	-0.0968333	
9.90345	-1.08976	0.00367677	0.634958	4.6874	-0.264094	0	-0.0968333	
9.99369	-1.08976	0.00367677	0.634958	4.68109	-0.264094	0	-0.0968333	
9.9652	-1.08976	0.00367677	0.634958	4.6526	-0.264094	0	-0.0968333	
9.93411	-1.08976	0.00367677	0.634958	4.62151	-0.264094	0	-0.0968333	
9.90227	-1.08976	0.00367677	0.634958	4.58967	-0.264094	0	-0.0968333	
9.99144	-1.08976	0.00367677	0.634958	4.58111	-0.264094	0	-0.0968333	
9.96596	-1.08976	0.00367677	0.634958	4.55563	-0.264094	0	-0.0968333	
9.92987	-1.08976	0.00367677	0.634958	4.51954	-0.264094	0	-0.0968333	
9.90163	-1.08976	0.00367677	0.634958	4.4913	-0.264094	0	-0.0968333	
9.98978	-1.08976	0.00367677	0.634958	4.48108	-0.264094	0	-0.0968333	
9.96624	-1.08976	0.00367677	0.634958	4.45754	-0.264094	0	-0.0968333	
9.93346	-1.08976	0.00367677	0.634958	4.42476	-0.264094	0	-0.0968333	
9.89687	-1.08976	0.00367677	0.634958	4.38817	-0.264094	0	-0.0968333	
9.96928	-1.08976	0.00367677	0.634958	4.35745	-0.264094	0	-0.0968333	
9.96916	-1.08976	0.00367677	0.634958	4.35733	-0.264094	0	-0.0968333	
9.93846	-1.08976	0.00367677	0.634958	4.32663	-0.264094	0	-0.0968333	
9.90592	-1.08976	0.00367677	0.634958	4.29409	-0.264094	0	-0.0968333	
9.96509	-1.08976	0.00367677	0.634958	4.25918	-0.264094	0	-0.0968333	
9.96497	-1.08976	0.00367677	0.634958	4.25906	-0.264094	0	-0.0968333	
9.93262	-1.08976	0.00367677	0.634958	4.22671	-0.264094	0	-0.0968333	
9.89518	-1.08976	0.00367677	0.634958	4.18926	-0.264094	0	-0.0968333	
9.97239	-1.08976	0.00367677	0.634958	4.16166	-0.264094	0	-0.0968333	
9.97226	-1.08976	0.00367677	0.634958	4.16153	-0.264094	0	-0.0968333	
9.93623	-1.08976	0.00367677	0.634958	4.12549	-0.264094	0	-0.0968333	
9.90226	-1.08976	0.00367677	0.634958	4.09152	-0.264094	0	-0.0968333	
9.974	-1.08976	0.00367677	0.634958	4.06552	-0.264094	0	-0.0968333	
9.97388	-1.08976	0.00367677	0.634958	4.0654	-0.264094	0	-0.0968333	
9.93477	-1.08976	0.00367677	0.634958	4.02629	-0.264094	0	-0.0968333	
9.90229	-1.08976	0.00367677	0.634958	3.99381	-0.264094	0	-0.0968333	
9.96511	-1.08976	0.00367677	0.634958	3.95892	-0.264094	0	-0.0968333	
9.96498	-1.08976	0.00367677	0.634958	3.95879	-0.264094	0	-0.0968333	
9.93997	-1.08976	0.00367677	0.634958	3.93378	-0.264094	0	-0.0968333	
9.90103	-1.08976	0.00367677	0.634958	3.89484	-0.264094	0	-0.0968333	
9.96678	-1.08976	0.00367677	0.634958	3.86162	-0.264094	0	-0.0968333	
9.96665	-1.08976	0.00367677	0.634958	3.86149	-0.264094	0	-0.0968333	
9.93488	-1.08976	0.00367677	0.634958	3.82972	-0.264094	0	-0.0968333	
9.89884	-1.08976	0.00367677	0.634958	3.79368	-0.264094	0	-0.0968333	
9.972	-1.08976	0.00367677	0.634958	3.76568	-0.264094	0	-0.0968333	
9.97188	-1.08976	0.00367677	0.634958	3.76556	-0.264094	0	-0.0968333	
9.93511	-1.08976	0.00367677	0.634958	3.7288	-0.264094	0	-0.0968333	
9.90444	-1.08976	0.00367677	0.634958	3.69812	-0.264094	0	-0.0968333	
9.96346	-1.08976	0.00367677	0.634958	3.66158	-0.264094	0	-0.0968333	
9.96332	-1.08976	0.00367677	0.634958	3.66144	-0.264094	0	-0.0968333	
9.936	-1.08976	0.00367677	0.634958	3.63412	-0.264094	0	-0.0968333	
9.89861	-1.08976	0.00367677	0.634958	3.59673	-0.264094	0	-0.0968333	
9.96805	-1.08976	0.00367677	0.634958	3.56478	-0.264094	0	-0.0968333	
9.96792	-1.08976	0.00367677	0.634958	3.56466	-0.264094	0	-0.0968333	
9.93555	-1.08976	0.00367677	0.634958	3.53229	-0.264094	0	-0.0968333	
9.90326	-1.08976	0.00367677	0.634958	3.49999	-0.264094	0	-0.0968333	
9.96491	-1.08976	0.00367677	0.634958	3.4649	-0.264094	0	-0.0968333	
9.96473	-1.08976	0.00367677	0.634958	3.46473	-0.264094	0	-0.0968333	
9.93452	-1.08976	0.00367677	0.634958	3.43451	-0.264094	0	-0.0968333	
9.89542	-1.08976	0.00367677	0.634958	3.39541	-0.264094	0	-0.0968333	
9.97768	-1.08976	0.00367677	0.634958	3.37309	-0.264094	0	-0.0968333	
9.97754	-1.08976	0.00367677	0.634958	3.37296	-0.264094	0	-0.0968333	
9.93738	-1.08976	0.00367677	0.634958	3.3328	-0.264094	0	-0.0968333	
9.90541	-1.08976	0.00367677	0.634958	3.30082	-0.264094	0	-0.0968333	
9.9699	-1.08976	0.00367677	0.634958	3.27072	-0.264094	0	-0.0968333	
9.96971	-1.08976	0.00367677	0.634958	3.27053	-0.264094	0	-0.0968333	
9.93453	-1.08976	0.00367677	0.634958	3.23535	-0.264094	0	-0.0968333	
9.89884	-1.08976	0.00367677	0.634958	3.19966	-0.264094	0	-0.0968333	
9.97164	-1.08976	0.00367677	0.634958	3.1713	-0.264094	0	-0.0968333	
9.97149	-1.08976	0.00367677	0.634958	3.17115	-0.264094	0	-0.0968333	
9.93781	-1.08976	0.00367677	0.634958	3.13747	-0.264094	0	-0.0968333	
9.90633	-1.08976	0.00367677	0.634958	3.10599	-0.264094	0	-0.0968333	
9.96188	-1.08976	0.00367677	0.634958	3.06787	-0.264094	0	-0.0968333	
9.96174	-1.08976	0.00367677	0.634958	3.06773	-0.264094	0	-0.0968333	
9.93391	-1.08976	0.00367677	0.634958	3.0399	-0.264094	0	-0.0968333	
9.89928	-1.08976	0.00367677	0.634958	3.00526	-0.264094	0	-0.0968333	
9.96618	-1.08976	0.00367677	0.634958	2.97144	-0.264094	0	-0.0968333	
9.96604	-1.08976	0.00367677	0.634958	2.97131	-0.264094	0	-0.0968333	
9.93143	-1.08976	0.00367677	0.634958	2.9367	-0.264094	0	-0.0968333	
9.9053	-1.08976	0.00367677	0.634958	2.91056	-0.264094	0	-0.0968333	
9.96218	-1.08976	0.00367677	0.634958	2.87274	-0.264094	0	-0.0968333	
9.96204	-1.08976	0.00367677	0.634958	2.8726	-0.264094	0	-0.0968333	
9.92991	-1.08976	0.00367677	0.634958	2.84047	-0.264094	0	-0.0968333	
9.89654	-1.08976	0.00367677	0.634958	2.8071	-0.264094	0	-0.0968333	
9.96445	-1.08976	0.00367677	0.634958	2.77155	-0.264094	0	-0.0968333	
9.96428	-1.08976	0.00367677	0.634958	2.77138	-0.264094	0	-0.0968333	
9.93867	-1.08976	0.00367677	0.634958	2.74576	-0.264094	0	-0.0968333	
9.90039	-1.08976	0.00367677	0.634958	2.70749	-0.264094	0	-0.0968333	
9.96608	-1.08976	0.00367677	0.634958	2.67356	-0.264094	0	-0.0968333	
9.96595	-1.08976	0.00367677	0.634958	2.67344	-0.264094	0	-0.0968333	
9.93108	-1.08976	0.00367677	0.634958	2.63857	-0.264094	0	-0.0968333	
9.90659	-1.08976	0.00367677	0.634958	2.61408	-0.264094	0	-0.0968333	
9.96078	-1.08976	0.00367677	0.634958	2.57486	-0.264094	0	-0.0968333	
9.96066	-1.08976	0.00367677	0.634958	2.57474	-0.264094	0	-0.0968333	
9.92717	-1.08976	0.00367677	0.634958	2.54125	-0.264094	0	-0.0968333	
9.89611	-1.08976	0.00367677	0.634958	2.51018	-0.264094	0	-0.0968333	
9.96373	-1.08976	0.00367677	0.634958	2.47391	-0.264094	0	-0.0968333	
9.96361	-1.08976	0.00367677	0.634958	2.47379	-0.264094	0	-0.0968333	
9.93504	-1.08976	0.00367677	0.634958	2.44522	-0.264094	0	-0.0968333	
9.89879	-1.08976	0.00367677	0.634958	2.40897	-0.264094	0	-0.0968333	
9.96935	-1.08976	0.00367677	0.634958	2.37832	-0.264094	0	-0.0968333	
9.96922	-1.08976	0.00367677	0.634958	2.37819	-0.264094	0	-0.0968333	
9.93162	-1.08976	0.00367677	0.634958	2.34059	-0.264094	0	-0.0968333	
9.90753	-1.08976	0.00367677	0.634958	2.3165	-0.264094	0	-0.0968333	
9.96218	-1.08976	0.00367677	0.634958	2.27868	-0.264094	0	-0.0968333	
9.96204	-1.08976	0.00367677	0.634958	2.27854	-0.264094	0	-0.0968333	
9.93016	-1.08976	0.00367677	0.634958	2.24666	-0.264094	0	-0.0968333	
9.89318	-1.08976	0.00367677	0.634958	2.20968	-0.264094	0	-0.0968333	
9.86596	-1.08976	0.00367677	0.634958	2.18246	-0.264094	0	-0.0968333	
9.99863	-1.08976	0.00367677	0.634958	2.18109	-0.264094	0	-0.0968333	
9.96297	-1.08976	0.00367677	0.634958	2.14544	-0.264094	0	-0.0968333	
9.93045	-1.08976	0.00367677	0.634958	2.11291	-0.264094	0	-0.0968333	
9.96699	-1.08976	0.00367677	0.634958	2.0799	-0.264094	0	-0.0968333	
9.96686	-1.08976	0.00367677	0.634958	2.07977	-0.264094	0	-0.0968333	
9.93658	-1.08976	0.00367677	0.634958	2.04949	-0.264094	0	-0.0968333	
9.89985	-1.08976	0.00367677	0.634958	2.01276	-0.264094	0	-0.0968333	
9.86908	-1.08976	0.00367677	0.634958	1.98199	-0.264094	0	-0.0968333	
9.99908	-1.08976	0.00367677	0.634958	1.98107	-0.264094	0	-0.0968333	
9.96767	-1.08976	0.00367677	0.634958	1.94966	-0.264094	0	-0.0968333	
9.93497	-1.08976	0.00367677	0.634958	1.91696	-0.264094	0	-0.0968333	
9.96356	-1.08976	0.00367677	0.634958	1.88052	-0.264094	0	-0.0968333	
9.96342	-1.08976	0.00367677	0.634958	1.88038	-0.264094	0	-0.0968333	
9.93281	-1.08976	0.00367677	0.634958	1.84977	-0.264094	0	-0.0968333	
9.90141	-1.08976	0.00367677	0.634958	1.81836	-0.264094	0	-0.0968333	
9.86784	-1.08976	0.00367677	0.634958	1.7848	-0.264094	0	-0.0968333	
9.99627	-1.08976	0.00367677	0.634958	1.78107	-0.264094	0	-0.0968333	
9.9617	-1.08976	0.00367677	0.634958	1.74649	-0.264094	0	-0.0968333	
9.93826	-1.08976	0.00367677	0.634958	1.72305	-0.264094	0	-0.0968333	
9.95454	-1.08976	0.00367677	0.634958	1.67759	-0.264094	0	-0.0968333	
9.95439	-1.08976	0.00367677	0.634958	1.67745	-0.264094	0	-0.0968333	
9.93412	-1.08976	0.00367677	0.634958	1.65718	-0.264094	0	-0.0968333	
9.89388	-1.08976	0.00367677	0.634958	1.61693	-0.264094	0	-0.0968333	
9.8623	-1.08976	0.00367677	0.634958	1.58536	-0.264094	0	-0.0968333	
9.99573	-1.08976	0.00367677	0.634958	1.58109	-0.264094	0	-0.0968333	
9.967	-1.08976	0.00367677	0.634958	1.55235	-0.264094	0	-0.0968333	
9.93304	-1.08976	0.00367677	0.634958	1.51839	-0.264094	0	-0.0968333	
9.90164	-1.08976	0.00367677	0.634958	1.487	-0.264094	0	-0.0968333	
9.99408	-1.08976	0.00367677	0.634958	1.48108	-0.264094	0	-0.0968333	
9.96801	-1.08976	0.00367677	0.634958	1.45501	-0.264094	0	-0.0968333	
9.93555	-1.08976	0.00367677	0.634958	1.42255	-0.264094	0	-0.0968333	
9.9009	-1.08976	0.00367677	0.634958	1.3879	-0.264094	0	-0.0968333	
9.8681	-1.08976	0.00367677	0.634958	1.3551	-0.264094	0	-0.0968333	
9.83211	-1.08976	0.00367677	0.634958	1.31911	-0.264094	0	-0.0968333	
9.80758	-1.08976	0.00367677	0.634958	1.29458	-0.264094	0	-0.0968333	
9.76921	-1.08976	0.00367677	0.634958	1.2562	-0.264094	0	-0.0968333	
9.73406	-1.08976	0.00367677	0.634958	1.22105	-0.264094	0	-0.0968333	
9.6992	-1.08976	0.00367677	0.634958	1.1862	-0.264094	0	-0.0968333	
9.67414	-1.08976	0.00367677	0.634958	1.16113	-0.264094	0	-0.0968333	
9.63583	-1.08976	0.00367677	0.634958	1.12283	-0.264094	0	-0.0968333	
9.60243	-1.08976	0.00367677	0.634958	1.08943	-0.264094	0	-0.0968333	
9.57029	-1.08976	0.00367677	0.634958	1.05728	-0.264094	0	-0.0968333	
9.53441	-1.08976	0.00367677	0.634958	1.02141	-0.264094	0	-0.0968333	
9.50823	-1.08976	0.00367677	0.634958	0.995231	-0.264094	0	-0.0968333	
9.47012	-1.08976	0.00367677	0.634958	0.957112	-0.264094	0	-0.0968333	
9.43838	-1.08976	0.00367677	0.634958	0.92538	-0.264094	0	-0.0968333	
9.4014	-1.08976	0.00367677	0.634958	0.888401	-0.264094	0	-0.0968333	
9.3775	-1.08976	0.00367677	0.634958	0.864497	-0.264094	0	-0.0968333	
9.33923	-1.08976	0.00367677	0.634958	0.826227	-0.264094	0	-0.0968333	
9.30651	-1.08976	0.00367677	0.634958	0.793511	-0.264094	0	-0.0968333	
9.26927	-1.08976	0.00367677	0.634958	0.756264	-0.264094	0	-0.0968333	
9.24494	-1.08976	0.00367677	0.634958	0.731935	-0.264094	0	-0.0968333	
9.20427	-1.08976	0.00367677	0.634958	0.691266	-0.264094	0	-0.0968333	
9.17516	-1.08976	0.00367677	0.634958	0.662157	-0.264094	0	-0.0968333	
9.13593	-1.08976	0.00367677	0.634958	0.622922	-0.264094	0	-0.0968333	
9.11294	-1.08976	0.00367677	0.634958	0.599939	-0.264094	0	-0.0968333	
9.07263	-1.08976	0.00367677	0.634958	0.559626	-0.264094	0	-0.0968333	
9.0415	-1.08976	0.00367677	0.634958	0.528496	-0.264094	0	-0.0968333	
9.00816	-1.08976	0.00367677	0.634958	0.495158	-0.264094	0	-0.0968333	
8.9766	-1.08976	0.00367677	0.634958	0.4636	-0.264094	0	-0.0968333	
8.93969	-1.08976	0.00367677	0.634958	0.426691	-0.264094	0	-0.0968333	
8.91022	-1.08976	0.00367677	0.634958	0.397212	-0.264094	0	-0.0968333	
8.87845	-1.08976	0.00367677	0.634958	0.365445	-0.264094	0	-0.0968333	
8.84726	-1.08976	0.00367677	0.634958	0.334252	-0.264094	0	-0.0968333	
8.80785	-1.08976	0.00367677	0.634958	0.294847	-0.264094	0	-0.0968333	
8.77908	-1.08976	0.00367677	0.634958	0.26608	-0.264094	0	-0.0968333	
8.74683	-1.08976	0.00367677	0.634958	0.233827	-0.264094	0	-0.0968333	
8.7121	-1.08976	0.00367677	0.634958	0.199095	-0.264094	0	-0.0968333	
8.6799	-1.08976	0.00367677	0.634958	0.166901	-0.264094	0	-0.0968333	
8.64529	-1.08976	0.00367677	0.634958	0.132282	-0.264094	0	-0.0968333	
8.61771	-1.08976	0.00367677	0.634958	0.104706	-0.264094	0	-0.0968333	
8.58152	-1.08976	0.00367677	0.634958	0.068516	-0.264094	0	-0.0968333	
8.54716	-1.08976	0.00367677	0.634958	0.034155	-0.264094	0	-0.0968333	
8.51392	-1.08976	0.00367677	0.634958	0.000913	-0.264094	0	-0.0968333	
8.48575	-1.08976	0.00367677	0.634958	
8.4488	-1.08976	0.00367677	0.634958	
8.41371	-1.08976	0.00367677	0.634958	
8.38159	-1.08976	0.00367677	0.634958	
8.35414	-1.08976	0.00367677	0.634958	
8.31513	-1.08976	0.00367677	0.634958	
8.28204	-1.08976	0.00367677	0.634958	
8.24942	-1.08976	0.00367677	0.634958	
8.22128	-1.08976	0.00367677	0.634958	
8.18334	-1.08976	0.00367677	0.634958	
8.14998	-1.08976	0.00367677	0.634958	
8.11812	-1.08976	0.00367677	0.634958	
8.08346	-1.08976	0.00367677	0.634958	
8.05373	-1.08976	0.00367677	0.634958	
8.01709	-1.08976	0.00367677	0.634958	
7.98652	-1.08976	0.00367677	0.634958	
7.94949	-1.08976	0.00367677	0.634958	
7.92207	-1.08976	0.00367677	0.634958	
7.88448	-1.08976	0.00367677	0.634958	
7.85474	-1.08976	0.00367677	0.634958	
7.81878	-1.08976	0.00367677	0.634958	
7.78981	-1.08976	0.00367677	0.634958	
7.75264	-1.08976	0.00367677	0.634958	
7.72168	-1.08976	0.00367677	0.634958	
7.68842	-1.08976	0.00367677	0.634958	
7.65685	-1.08976	0.00367677	0.634958	
7.61984	-1.08976	0.00367677	0.634958	
7.59039	-1.08976	0.00367677	0.634958	
7.55868	-1.08976	0.00367677	0.634958	
7.52448	-1.08976	0.00367677	0.634958	
7.48762	-1.08976	0.00367677	0.634958	
7.45983	-1.08976	0.00367677	0.634958	
7.42596	-1.08976	0.00367677	0.634958	
7.39281	-1.08976	0.00367677	0.634958	
7.3587	-1.08976	0.00367677	0.634958	
7.32561	-1.08976	0.00367677	0.634958	
7.29296	-1.08976	0.00367677	0.634958	
7.25869	-1.08976	0.00367677	0.634958	
7.22822	-1.08976	0.00367677	0.634958	
7.19444	-1.08976	0.00367677	0.634958	
7.15895	-1.08976	0.00367677	0.634958	
7.1313	-1.08976	0.00367677	0.634958	
7.09466	-1.08976	0.00367677	0.634958	
7.05963	-1.08976	0.00367677	0.634958	
7.03338	-1.08976	0.00367677	0.634958	
6.99558	-1.08976	0.00367677	0.634958	
6.9608	-1.08976	0.00367677	0.634958	
6.92771	-1.08976	0.00367677	0.634958	
6.9012	-1.08976	0.00367677	0.634958	
6.86271	-1.08976	0.00367677	0.634958	
6.83317	-1.08976	0.00367677	0.634958	
6.79837	-1.08976	0.00367677	0.634958	
6.76441	-1.08976	0.00367677	0.634958	
6.73297	-1.08976	0.00367677	0.634958	
6.69891	-1.08976	0.00367677	0.634958	
6.66669	-1.08976	0.00367677	0.634958	
6.62855	-1.08976	0.00367677	0.634958	
6.60542	-1.08976	0.00367677	0.634958	
6.56502	-1.08976	0.00367677	0.634958	
6.53509	-1.08976	0.00367677	0.634958	
6.49673	-1.08976	0.00367677	0.634958	
6.47322	-1.08976	0.00367677	0.634958	
6.43521	-1.08976	0.00367677	0.634958	
6.40147	-1.08976	0.00367677	0.634958	
6.37321	-1.08976	0.00367677	0.634958	
6.3357	-1.08976	0.00367677	0.634958	
6.30101	-1.08976	0.00367677	0.634958	
6.26982	-1.08976	0.00367677	0.634958	
6.23602	-1.08976	0.00367677	0.634958	
6.20481	-1.08976	0.00367677	0.634958	
6.16861	-1.08976	0.00367677	0.634958	
6.13891	-1.08976	0.00367677	0.634958	
6.10629	-1.08976	0.00367677	0.634958	
6.0737	-1.08976	0.00367677	0.634958	
6.03578	-1.08976	0.00367677	0.634958	
6.00787	-1.08976	0.00367677	0.634958	
5.97487	-1.08976	0.00367677	0.634958	
5.94107	-1.08976	0.00367677	0.634958	
5.90757	-1.08976	0.00367677	0.634958	
5.87365	-1.08976	0.00367677	0.634958	
5.83865	-1.08976	0.00367677	0.634958	
5.81181	-1.08976	0.00367677	0.634958	
5.77619	-1.08976	0.00367677	0.634958	
5.73999	-1.08976	0.00367677	0.634958	
5.7137	-1.08976	0.00367677	0.634958	
5.67478	-1.08976	0.00367677	0.634958	
5.64227	-1.08976	0.00367677	0.634958	
5.60703	-1.08976	0.00367677	0.634958	
5.58159	-1.08976	0.00367677	0.634958	
5.54346	-1.08976	0.00367677	0.634958	
5.50937	-1.08976	0.00367677	0.634958	
5.47825	-1.08976	0.00367677	0.634958	
5.44241	-1.08976	0.00367677	0.634958	
5.41455	-1.08976	0.00367677	0.634958	
5.37769	-1.08976	0.00367677	0.634958	
5.34975	-1.08976	0.00367677	0.634958	
5.31434	-1.08976	0.00367677	0.634958	
5.27918	-1.08976	0.00367677	0.634958	
5.24643	-1.08976	0.00367677	0.634958	
5.21358	-1.08976	0.00367677	0.634958	
9.96573	-0.380511	-0.000428688	0.223388	5.17931	-1.08976	0.00367677	0.634958	
9.9656	-0.380511	-0.000428688	0.223388	5.17918	-1.08976	0.00367677	0.634958	
9.93703	-0.380511	-0.000428688	0.223388	5.15061	-1.08976	0.00367677	0.634958	
9.89889	-0.380511	-0.000428688	0.223388	5.11247	-1.08976	0.00367677	0.634958	
9.97027	-0.380511	-0.000428688	0.223388	5.08274	-1.08976	0.00367677	0.634958	
9.97015	-0.380511	-0.000428688	0.223388	5.08262	-1.08976	0.00367677	0.634958	
9.93298	-0.380511	-0.000428688	0.223388	5.04545	-1.08976	0.00367677	0.634958	
9.90895	-0.380511	-0.000428688	0.223388	5.02143	-1.08976	0.00367677	0.634958	
9.95938	-0.380511	-0.000428688	0.223388	4.98081	-1.08976	0.00367677	0.634958	
9.95925	-0.380511	-0.000428688	0.223388	4.98067	-1.08976	0.00367677	0.634958	
9.92915	-0.380511	-0.000428688	0.223388	4.95057	-1.08976	0.00367677	0.634958	
9.8969	-0.380511	-0.000428688	0.223388	4.91833	-1.08976	0.00367677	0.634958	
9.97133	-0.380511	-0.000428688	0.223388	4.88966	-1.08976	0.00367677	0.634958	
9.9712	-0.380511	-0.000428688	0.223388	4.88953	-1.08976	0.00367677	0.634958	
9.93038	-0.380511	-0.000428688	0.223388	4.84871	-1.08976	0.00367677	0.634958	
9.89996	-0.380511	-0.000428688	0.223388	4.81828	-1.08976	0.00367677	0.634958	
9.96792	-0.380511	-0.000428688	0.223388	4.78621	-1.08976	0.00367677	0.634958	
9.96777	-0.380511	-0.000428688	0.223388	4.78606	-1.08976	0.00367677	0.634958	
9.93465	-0.380511	-0.000428688	0.223388	4.75293	-1.08976	0.00367677	0.634958	
9.89782	-0.380511	-0.000428688	0.223388	4.7161	-1.08976	0.00367677	0.634958	
9.97134	-0.380511	-0.000428688	0.223388	4.68744	-1.08976	0.00367677	0.634958	
9.97121	-0.380511	-0.000428688	0.223388	4.68731	-1.08976	0.00367677	0.634958	
9.93716	-0.380511	-0.000428688	0.223388	4.65326	-1.08976	0.00367677	0.634958	
9.90281	-0.380511	-0.000428688	0.223388	4.61892	-1.08976	0.00367677	0.634958	
9.96605	-0.380511	-0.000428688	0.223388	4.58497	-1.08976	0.00367677	0.634958	
9.96592	-0.380511	-0.000428688	0.223388	4.58484	-1.08976	0.00367677	0.634958	
9.93629	-0.380511	-0.000428688	0.223388	4.55521	-1.08976	0.00367677	0.634958	
9.90432	-0.380511	-0.000428688	0.223388	4.52323	-1.08976	0.00367677	0.634958	
9.96403	-0.380511	-0.000428688	0.223388	4.48726	-1.08976	0.00367677	0.634958	
9.96388	-0.380511	-0.000428688	0.223388	4.48712	-1.08976	0.00367677	0.634958	
9.93268	-0.380511	-0.000428688	0.223388	4.45591	-1.08976	0.00367677	0.634958	
9.89896	-0.380511	-0.000428688	0.223388	4.42219	-1.08976	0.00367677	0.634958	
9.97137	-0.380511	-0.000428688	0.223388	4.39356	-1.08976	0.00367677	0.634958	
9.97124	-0.380511	-0.000428688	0.223388	4.39343	-1.08976	0.00367677	0.634958	
9.93531	-0.380511	-0.000428688	0.223388	4.3575	-1.08976	0.00367677	0.634958	
9.90066	-0.380511	-0.000428688	0.223388	4.32285	-1.08976	0.00367677	0.634958	
9.96517	-0.380511	-0.000428688	0.223388	4.28801	-1.08976	0.00367677	0.634958	
9.96502	-0.380511	-0.000428688	0.223388	4.28787	-1.08976	0.00367677	0.634958	
9.9391	-0.380511	-0.000428688	0.223388	4.26194	-1.08976	0.00367677	0.634958	
9.90024	-0.380511	-0.000428688	0.223388	4.22309	-1.08976	0.00367677	0.634958	
9.96812	-0.380511	-0.000428688	0.223388	4.1912	-1.08976	0.00367677	0.634958	
9.968	-0.380511	-0.000428688	0.223388	4.19109	-1.08976	0.00367677	0.634958	
9.93533	-0.380511	-0.000428688	0.223388	4.15842	-1.08976	0.00367677	0.634958	
9.89954	-0.380511	-0.000428688	0.223388	4.12262	-1.08976	0.00367677	0.634958	
9.97125	-0.380511	-0.000428688	0.223388	4.09388	-1.08976	0.00367677	0.634958	
9.97112	-0.380511	-0.000428688	0.223388	4.09375	-1.08976	0.00367677	0.634958	
9.93465	-0.380511	-0.000428688	0.223388	4.05727	-1.08976	0.00367677	0.634958	
9.90387	-0.380511	-0.000428688	0.223388	4.0265	-1.08976	0.00367677	0.634958	
9.96438	-0.380511	-0.000428688	0.223388	3.99088	-1.08976	0.00367677	0.634958	
9.96422	-0.380511	-0.000428688	0.223388	3.99072	-1.08976	0.00367677	0.634958	
9.93524	-0.380511	-0.000428688	0.223388	3.96173	-1.08976	0.00367677	0.634958	
9.89907	-0.380511	-0.000428688	0.223388	3.92556	-1.08976	0.00367677	0.634958	
9.86788	-0.380511	-0.000428688	0.223388	3.89438	-1.08976	0.00367677	0.634958	
9.99976	-0.380511	-0.000428688	0.223388	3.89414	-1.08976	0.00367677	0.634958	
9.96638	-0.380511	-0.000428688	0.223388	3.86076	-1.08976	0.00367677	0.634958	
9.93584	-0.380511	-0.000428688	0.223388	3.83022	-1.08976	0.00367677	0.634958	
9.90014	-0.380511	-0.000428688	0.223388	3.79452	-1.08976	0.00367677	0.634958	
9.99955	-0.380511	-0.000428688	0.223388	3.79408	-1.08976	0.00367677	0.634958	
9.96819	-0.380511	-0.000428688	0.223388	3.76271	-1.08976	0.00367677	0.634958	
9.93212	-0.380511	-0.000428688	0.223388	3.72664	-1.08976	0.00367677	0.634958	
9.90485	-0.380511	-0.000428688	0.223388	3.69937	-1.08976	0.00367677	0.634958	
9.99475	-0.380511	-0.000428688	0.223388	3.69412	-1.08976	0.00367677	0.634958	
9.96139	-0.380511	-0.000428688	0.223388	3.66076	-1.08976	0.00367677	0.634958	
9.93177	-0.380511	-0.000428688	0.223388	3.63114	-1.08976	0.00367677	0.634958	
9.95952	-0.380511	-0.000428688	0.223388	3.59066	-1.08976	0.00367677	0.634958	
9.95939	-0.380511	-0.000428688	0.223388	3.59053	-1.08976	0.00367677	0.634958	
9.93825	-0.380511	-0.000428688	0.223388	3.56939	-1.08976	0.00367677	0.634958	
9.89838	-0.380511	-0.000428688	0.223388	3.52951	-1.08976	0.00367677	0.634958	
9.86762	-0.380511	-0.000428688	0.223388	3.49876	-1.08976	0.00367677	0.634958	
9.99536	-0.380511	-0.000428688	0.223388	3.49412	-1.08976	0.00367677	0.634958	
9.96458	-0.380511	-0.000428688	0.223388	3.46334	-1.08976	0.00367677	0.634958	
9.93509	-0.380511	-0.000428688	0.223388	3.43385	-1.08976	0.00367677	0.634958	
9.8973	-0.380511	-0.000428688	0.223388	3.39606	-1.08976	0.00367677	0.634958	
9.9981	-0.380511	-0.000428688	0.223388	3.39416	-1.08976	0.00367677	0.634958	
9.97155	-0.380511	-0.000428688	0.223388	3.36762	-1.08976	0.00367677	0.634958	
9.93929	-0.380511	-0.000428688	0.223388	3.33535	-1.08976	0.00367677	0.634958	
9.90485	-0.380511	-0.000428688	0.223388	3.30091	-1.08976	0.00367677	0.634958	
9.99319	-0.380511	-0.000428688	0.223388	3.2941	-1.08976	0.00367677	0.634958	
9.96271	-0.380511	-0.000428688	0.223388	3.26362	-1.08976	0.00367677	0.634958	
9.93856	-0.380511	-0.000428688	0.223388	3.23947	-1.08976	0.00367677	0.634958	
9.90104	-0.380511	-0.000428688	0.223388	3.20195	-1.08976	0.00367677	0.634958	
9.99215	-0.380511	-0.000428688	0.223388	3.1941	-1.08976	0.00367677	0.634958	
9.96565	-0.380511	-0.000428688	0.223388	3.1676	-1.08976	0.00367677	0.634958	
9.93201	-0.380511	-0.000428688	0.223388	3.13395	-1.08976	0.00367677	0.634958	
9.90119	-0.380511	-0.000428688	0.223388	3.10314	-1.08976	0.00367677	0.634958	
9.99098	-0.380511	-0.000428688	0.223388	3.09412	-1.08976	0.00367677	0.634958	
9.96448	-0.380511	-0.000428688	0.223388	3.06762	-1.08976	0.00367677	0.634958	
9.93609	-0.380511	-0.000428688	0.223388	3.03923	-1.08976	0.00367677	0.634958	
9.90011	-0.380511	-0.000428688	0.223388	3.00325	-1.08976	0.00367677	0.634958	
9.96443	-0.380511	-0.000428688	0.223388	2.96769	-1.08976	0.00367677	0.634958	
9.96428	-0.380511	-0.000428688	0.223388	2.96754	-1.08976	0.00367677	0.634958	
9.93961	-0.380511	-0.000428688	0.223388	2.94287	-1.08976	0.00367677	0.634958	
9.90035	-0.380511	-0.000428688	0.223388	2.90361	-1.08976	0.00367677	0.634958	
9.9665	-0.380511	-0.000428688	0.223388	2.87011	-1.08976	0.00367677	0.634958	
9.96638	-0.380511	-0.000428688	0.223388	2.86998	-1.08976	0.00367677	0.634958	
9.9312	-0.380511	-0.000428688	0.223388	2.83481	-1.08976	0.00367677	0.634958	
9.90735	-0.380511	-0.000428688	0.223388	2.81096	-1.08976	0.00367677	0.634958	
9.96088	-0.380511	-0.000428688	0.223388	2.77184	-1.08976	0.00367677	0.634958	
9.96075	-0.380511	-0.000428688	0.223388	2.77171	-1.08976	0.00367677	0.634958	
9.92669	-0.380511	-0.000428688	0.223388	2.73765	-1.08976	0.00367677	0.634958	
9.8926	-0.380511	-0.000428688	0.223388	2.70356	-1.08976	0.00367677	0.634958	
9.97517	-0.380511	-0.000428688	0.223388	2.67873	-1.08976	0.00367677	0.634958	
9.97504	-0.380511	-0.000428688	0.223388	2.6786	-1.08976	0.00367677	0.634958	
9.93527	-0.380511	-0.000428688	0.223388	2.63883	-1.08976	0.00367677	0.634958	
9.90337	-0.380511	-0.000428688	0.223388	2.60693	-1.08976	0.00367677	0.634958	
9.96802	-0.380511	-0.000428688	0.223388	2.57495	-1.08976	0.00367677	0.634958	
9.96789	-0.380511	-0.000428688	0.223388	2.57482	-1.08976	0.00367677	0.634958	
9.93184	-0.380511	-0.000428688	0.223388	2.53877	-1.08976	0.00367677	0.634958	
9.90682	-0.380511	-0.000428688	0.223388	2.51376	-1.08976	0.00367677	0.634958	
9.95992	-0.380511	-0.000428688	0.223388	2.47368	-1.08976	0.00367677	0.634958	
9.95977	-0.380511	-0.000428688	0.223388	2.47352	-1.08976	0.00367677	0.634958	
9.92972	-0.380511	-0.000428688	0.223388	2.44347	-1.08976	0.00367677	0.634958	
9.8924	-0.380511	-0.000428688	0.223388	2.40616	-1.08976	0.00367677	0.634958	
9.97574	-0.380511	-0.000428688	0.223388	2.3819	-1.08976	0.00367677	0.634958	
9.97561	-0.380511	-0.000428688	0.223388	2.38177	-1.08976	0.00367677	0.634958	
9.93597	-0.380511	-0.000428688	0.223388	2.34213	-1.08976	0.00367677	0.634958	
9.90312	-0.380511	-0.000428688	0.223388	2.30928	-1.08976	0.00367677	0.634958	
9.97274	-0.380511	-0.000428688	0.223388	2.28202	-1.08976	0.00367677	0.634958	
9.97256	-0.380511	-0.000428688	0.223388	2.28184	-1.08976	0.00367677	0.634958	
9.93541	-0.380511	-0.000428688	0.223388	2.24469	-1.08976	0.00367677	0.634958	
9.89986	-0.380511	-0.000428688	0.223388	2.20914	-1.08976	0.00367677	0.634958	
9.96906	-0.380511	-0.000428688	0.223388	2.1782	-1.08976	0.00367677	0.634958	
9.96892	-0.380511	-0.000428688	0.223388	2.17806	-1.08976	0.00367677	0.634958	
9.93752	-0.380511	-0.000428688	0.223388	2.14666	-1.08976	0.00367677	0.634958	
9.90387	-0.380511	-0.000428688	0.223388	2.11301	-1.08976	0.00367677	0.634958	
9.96389	-0.380511	-0.000428688	0.223388	2.07691	-1.08976	0.00367677	0.634958	
9.96377	-0.380511	-0.000428688	0.223388	2.07678	-1.08976	0.00367677	0.634958	
9.93383	-0.380511	-0.000428688	0.223388	2.04685	-1.08976	0.00367677	0.634958	
9.90153	-0.380511	-0.000428688	0.223388	2.01454	-1.08976	0.00367677	0.634958	
9.96654	-0.380511	-0.000428688	0.223388	1.98108	-1.08976	0.00367677	0.634958	
9.96641	-0.380511	-0.000428688	0.223388	1.98096	-1.08976	0.00367677	0.634958	
9.92998	-0.380511	-0.000428688	0.223388	1.94452	-1.08976	0.00367677	0.634958	
9.90126	-0.380511	-0.000428688	0.223388	1.9158	-1.08976	0.00367677	0.634958	
9.96642	-0.380511	-0.000428688	0.223388	1.88222	-1.08976	0.00367677	0.634958	
9.96628	-0.380511	-0.000428688	0.223388	1.88208	-1.08976	0.00367677	0.634958	
9.93423	-0.380511	-0.000428688	0.223388	1.85003	-1.08976	0.00367677	0.634958	
9.90008	-0.380511	-0.000428688	0.223388	1.81588	-1.08976	0.00367677	0.634958	
9.96632	-0.380511	-0.000428688	0.223388	1.7822	-1.08976	0.00367677	0.634958	
9.9662	-0.380511	-0.000428688	0.223388	1.78208	-1.08976	0.00367677	0.634958	
9.93578	-0.380511	-0.000428688	0.223388	1.75166	-1.08976	0.00367677	0.634958	
9.90086	-0.380511	-0.000428688	0.223388	1.71674	-1.08976	0.00367677	0.634958	
9.96697	-0.380511	-0.000428688	0.223388	1.68371	-1.08976	0.00367677	0.634958	
9.96685	-0.380511	-0.000428688	0.223388	1.68358	-1.08976	0.00367677	0.634958	
9.93359	-0.380511	-0.000428688	0.223388	1.65032	-1.08976	0.00367677	0.634958	
9.90554	-0.380511	-0.000428688	0.223388	1.62228	-1.08976	0.00367677	0.634958	
9.9632	-0.380511	-0.000428688	0.223388	1.58548	-1.08976	0.00367677	0.634958	
9.96305	-0.380511	-0.000428688	0.223388	1.58533	-1.08976	0.00367677	0.634958	
9.92908	-0.380511	-0.000428688	0.223388	1.55136	-1.08976	0.00367677	0.634958	
9.89383	-0.380511	-0.000428688	0.223388	1.5161	-1.08976	0.00367677	0.634958	
9.97432	-0.380511	-0.000428688	0.223388	1.49043	-1.08976	0.00367677	0.634958	
9.9742	-0.380511	-0.000428688	0.223388	1.4903	-1.08976	0.00367677	0.634958	
9.93732	-0.380511	-0.000428688	0.223388	1.45342	-1.08976	0.00367677	0.634958	
9.90125	-0.380511	-0.000428688	0.223388	1.41735	-1.08976	0.00367677	0.634958	
9.9668	-0.380511	-0.000428688	0.223388	1.38415	-1.08976	0.00367677	0.634958	
9.96665	-0.380511	-0.000428688	0.223388	1.384	-1.08976	0.00367677	0.634958	
9.94154	-0.380511	-0.000428688	0.223388	1.35889	-1.08976	0.00367677	0.634958	
9.90261	-0.380511	-0.000428688	0.223388	1.31996	-1.08976	0.00367677	0.634958	
9.96598	-0.380511	-0.000428688	0.223388	1.28594	-1.08976	0.00367677	0.634958	
9.96584	-0.380511	-0.000428688	0.223388	1.2858	-1.08976	0.00367677	0.634958	
9.93201	-0.380511	-0.000428688	0.223388	1.25197	-1.08976	0.00367677	0.634958	
9.90644	-0.380511	-0.000428688	0.223388	1.2264	-1.08976	0.00367677	0.634958	
9.96104	-0.380511	-0.000428688	0.223388	1.18743	-1.08976	0.00367677	0.634958	
9.96091	-0.380511	-0.000428688	0.223388	1.1873	-1.08976	0.00367677	0.634958	
9.93122	-0.380511	-0.000428688	0.223388	1.15762	-1.08976	0.00367677	0.634958	
9.89499	-0.380511	-0.000428688	0.223388	1.12139	-1.08976	0.00367677	0.634958	
9.86848	-0.380511	-0.000428688	0.223388	1.09488	-1.08976	0.00367677	0.634958	
9.99922	-0.380511	-0.000428688	0.223388	1.0941	-1.08976	0.00367677	0.634958	
9.95979	-0.380511	-0.000428688	0.223388	1.05467	-1.08976	0.00367677	0.634958	
9.92811	-0.380511	-0.000428688	0.223388	1.02299	-1.08976	0.00367677	0.634958	
9.96678	-0.380511	-0.000428688	0.223388	0.989775	-1.08976	0.00367677	0.634958	
9.96666	-0.380511	-0.000428688	0.223388	0.989648	-1.08976	0.00367677	0.634958	
9.93222	-0.380511	-0.000428688	0.223388	0.955215	-1.08976	0.00367677	0.634958	
9.90352	-0.380511	-0.000428688	0.223388	0.926515	-1.08976	0.00367677	0.634958	
9.96521	-0.380511	-0.000428688	0.223388	0.891722	-1.08976	0.00367677	0.634958	
9.96508	-0.380511	-0.000428688	0.223388	0.891596	-1.08976	0.00367677	0.634958	
9.9316	-0.380511	-0.000428688	0.223388	0.858118	-1.08976	0.00367677	0.634958	
9.90067	-0.380511	-0.000428688	0.223388	0.827183	-1.08976	0.00367677	0.634958	
9.96648	-0.380511	-0.000428688	0.223388	0.793662	-1.08976	0.00367677	0.634958	
9.96632	-0.380511	-0.000428688	0.223388	0.793504	-1.08976	0.00367677	0.634958	
9.93012	-0.380511	-0.000428688	0.223388	0.757305	-1.08976	0.00367677	0.634958	
9.89898	-0.380511	-0.000428688	0.223388	0.726163	-1.08976	0.00367677	0.634958	
9.86757	-0.380511	-0.000428688	0.223388	0.69475	-1.08976	0.00367677	0.634958	
9.99939	-0.380511	-0.000428688	0.223388	0.69414	-1.08976	0.00367677	0.634958	
9.96566	-0.380511	-0.000428688	0.223388	0.660407	-1.08976	0.00367677	0.634958	
9.93041	-0.380511	-0.000428688	0.223388	0.625161	-1.08976	0.00367677	0.634958	
9.90039	-0.380511	-0.000428688	0.223388	0.595137	-1.08976	0.00367677	0.634958	
9.99904	-0.380511	-0.000428688	0.223388	0.594176	-1.08976	0.00367677	0.634958	
9.96769	-0.380511	-0.000428688	0.223388	0.562831	-1.08976	0.00367677	0.634958	
9.93368	-0.380511	-0.000428688	0.223388	0.528813	-1.08976	0.00367677	0.634958	
9.96317	-0.380511	-0.000428688	0.223388	0.491986	-1.08976	0.00367677	0.634958	
9.96305	-0.380511	-0.000428688	0.223388	0.491861	-1.08976	0.00367677	0.634958	
9.93503	-0.380511	-0.000428688	0.223388	0.463843	-1.08976	0.00367677	0.634958	
9.90228	-0.380511	-0.000428688	0.223388	0.431093	-1.08976	0.00367677	0.634958	
9.86803	-0.380511	-0.000428688	0.223388	0.396839	-1.08976	0.00367677	0.634958	
9.99733	-0.380511	-0.000428688	0.223388	0.394167	-1.08976	0.00367677	0.634958	
9.96684	-0.380511	-0.000428688	0.223388	0.363677	-1.08976	0.00367677	0.634958	
9.93386	-0.380511	-0.000428688	0.223388	0.330703	-1.08976	0.00367677	0.634958	
9.89912	-0.380511	-0.000428688	0.223388	0.295957	-1.08976	0.00367677	0.634958	
9.9982	-0.380511	-0.000428688	0.223388	0.294156	-1.08976	0.00367677	0.634958	
9.96883	-0.380511	-0.000428688	0.223388	0.264789	-1.08976	0.00367677	0.634958	
9.93524	-0.380511	-0.000428688	0.223388	0.2312	-1.08976	0.00367677	0.634958	
9.90147	-0.380511	-0.000428688	0.223388	0.197424	-1.08976	0.00367677	0.634958	
9.99673	-0.380511	-0.000428688	0.223388	0.194156	-1.08976	0.00367677	0.634958	
9.97298	-0.380511	-0.000428688	0.223388	0.170408	-1.08976	0.00367677	0.634958	
9.93626	-0.380511	-0.000428688	0.223388	0.13368	-1.08976	0.00367677	0.634958	
9.90075	-0.380511	-0.000428688	0.223388	0.098171	-1.08976	0.00367677	0.634958	
9.99597	-0.380511	-0.000428688	0.223388	0.094143	-1.08976	0.00367677	0.634958	
9.96604	-0.380511	-0.000428688	0.223388	0.06421	-1.08976	0.00367677	0.634958	
9.93965	-0.380511	-0.000428688	0.223388	0.037822	-1.08976	0.00367677	0.634958	
9.90137	-0.380511	-0.000428688	0.223388	
9.99457	-0.380511	-0.000428688	0.223388	
9.96818	-0.380511	-0.000428688	0.223388	
9.93527	-0.380511	-0.000428688	0.223388	
9.899	-0.380511	-0.000428688	0.223388	
9.99554	-0.380511	-0.000428688	0.223388	
9.97153	-0.380511	-0.000428688	0.223388	
9.93531	-0.380511	-0.000428688	0.223388	
9.90411	-0.380511	-0.000428688	0.223388	
9.99147	-0.380511	-0.000428688	0.223388	
9.96644	-0.380511	-0.000428688	0.223388	
9.93568	-0.380511	-0.000428688	0.223388	
9.89959	-0.380511	-0.000428688	0.223388	
9.97002	-0.380511	-0.000428688	0.223388	
9.96989	-0.380511	-0.000428688	0.223388	
9.93341	-0.380511	-0.000428688	0.223388	
9.90477	-0.380511	-0.000428688	0.223388	
9.96255	-0.380511	-0.000428688	0.223388	
9.96237	-0.380511	-0.000428688	0.223388	
9.93083	-0.380511	-0.000428688	0.223388	
9.89607	-0.380511	-0.000428688	0.223388	
9.97175	-0.380511	-0.000428688	0.223388	
9.97162	-0.380511	-0.000428688	0.223388	
9.93467	-0.380511	-0.000428688	0.223388	
9.90826	-0.380511	-0.000428688	0.223388	
9.96243	-0.380511	-0.000428688	0.223388	
9.96226	-0.380511	-0.000428688	0.223388	
9.92786	-0.380511	-0.000428688	0.223388	
9.89491	-0.380511	-0.000428688	0.223388	
9.96777	-0.380511	-0.000428688	0.223388	
9.96764	-0.380511	-0.000428688	0.223388	
9.93638	-0.380511	-0.000428688	0.223388	
9.90137	-0.380511	-0.000428688	0.223388	
9.96545	-0.380511	-0.000428688	0.223388	
9.96532	-0.380511	-0.000428688	0.223388	
9.93519	-0.380511	-0.000428688	0.223388	
9.90324	-0.380511	-0.000428688	0.223388	
9.96786	-0.380511	-0.000428688	0.223388	
9.96773	-0.380511	-0.000428688	0.223388	
9.93027	-0.380511	-0.000428688	0.223388	
9.90029	-0.380511	-0.000428688	0.223388	
9.96753	-0.380511	-0.000428688	0.223388	
9.96739	-0.380511	-0.000428688	0.223388	
9.93435	-0.380511	-0.000428688	0.223388	
9.90017	-0.380511	-0.000428688	0.223388	
9.96673	-0.380511	-0.000428688	0.223388	
9.96658	-0.380511	-0.000428688	0.223388	
9.93275	-0.380511	-0.000428688	0.223388	
9.90235	-0.380511	-0.000428688	0.223388	
9.96396	-0.380511	-0.000428688	0.223388	
9.96382	-0.380511	-0.000428688	0.223388	
9.92983	-0.380511	-0.000428688	0.223388	
9.90456	-0.380511	-0.000428688	0.223388	
9.96118	-0.380511	-0.000428688	0.223388	
9.96105	-0.380511	-0.000428688	0.223388	
9.92851	-0.380511	-0.000428688	0.223388	
9.89295	-0.380511	-0.000428688	0.223388	
9.97456	-0.380511	-0.000428688	0.223388	
9.97442	-0.380511	-0.000428688	0.223388	
9.93677	-0.380511	-0.000428688	0.223388	
9.90235	-0.380511	-0.000428688	0.223388	
9.96885	-0.380511	-0.000428688	0.223388	
9.96873	-0.380511	-0.000428688	0.223388	
9.93405	-0.380511	-0.000428688	0.223388	
9.90437	-0.380511	-0.000428688	0.223388	
9.96386	-0.380511	-0.000428688	0.223388	
9.9637	-0.380511	-0.000428688	0.223388	
9.9329	-0.380511	-0.000428688	0.223388	
9.89793	-0.380511	-0.000428688	0.223388	
9.96922	-0.380511	-0.000428688	0.223388	
9.9691	-0.380511	-0.000428688	0.223388	
9.93643	-0.380511	-0.000428688	0.223388	
9.90285	-0.380511	-0.000428688	0.223388	
9.96441	-0.380511	-0.000428688	0.223388	
9.96427	-0.380511	-0.000428688	0.223388	
9.93586	-0.380511	-0.000428688	0.223388	
9.90124	-0.380511	-0.000428688	0.223388	
9.96472	-0.380511	-0.000428688	0.223388	
9.9646	-0.380511	-0.000428688	0.223388	
9.9374	-0.380511	-0.000428688	0.223388	
9.90044	-0.380511	-0.000428688	0.223388	
9.9652	-0.380511	-0.000428688	0.223388	
9.96507	-0.380511	-0.000428688	0.223388	
9.93257	-0.380511	-0.000428688	0.223388	
9.90459	-0.380511	-0.000428688	0.223388	
9.96325	-0.380511	-0.000428688	0.223388	
9.96313	-0.380511	-0.000428688	0.223388	
9.92808	-0.380511	-0.000428688	0.223388	
9.89777	-0.380511	-0.000428688	0.223388	
9.96816	-0.380511	-0.000428688	0.223388	
9.96803	-0.380511	-0.000428688	0.223388	
9.93454	-0.380511	-0.000428688	0.223388	
9.89794	-0.380511	-0.000428688	0.223388	
9.97174	-0.380511	-0.000428688	0.223388	
9.97159	-0.380511	-0.000428688	0.223388	
9.93861	-0.380511	-0.000428688	0.223388	
9.90442	-0.380511	-0.000428688	0.223388	
9.96656	-0.380511	-0.000428688	0.223388	
9.96643	-0.380511	-0.000428688	0.223388	
9.9346	-0.380511	-0.000428688	0.223388	
9.90114	-0.380511	-0.000428688	0.223388	
9.8697	-0.380511	-0.000428688	0.223388	
9.99935	-0.380511	-0.000428688	0.223388	
9.96411	-0.380511	-0.000428688	0.223388	
9.9299	-0.380511	-0.000428688	0.223388	
9.90317	-0.380511	-0.000428688	0.223388	
9.99619	-0.380511	-0.000428688	0.223388	
9.96263	-0.380511	-0.000428688	0.223388	
9.92755	-0.380511	-0.000428688	0.223388	
9.96592	-0.380511	-0.000428688	0.223388	
9.96579	-0.380511	-0.000428688	0.223388	
9.94075	-0.380511	-0.000428688	0.223388	
9.90241	-0.380511	-0.000428688	0.223388	
9.96615	-0.380511	-0.000428688	0.223388	
9.96603	-0.380511	-0.000428688	0.223388	
9.93243	-0.380511	-0.000428688	0.223388	
9.90673	-0.380511	-0.000428688	0.223388	
9.86795	-0.380511	-0.000428688	0.223388	
9.99829	-0.380511	-0.000428688	0.223388	
9.96673	-0.380511	-0.000428688	0.223388	
9.93478	-0.380511	-0.000428688	0.223388	
9.89894	-0.380511	-0.000428688	0.223388	
9.99938	-0.380511	-0.000428688	0.223388	
9.97232	-0.380511	-0.000428688	0.223388	
9.93707	-0.380511	-0.000428688	0.223388	
9.90479	-0.380511	-0.000428688	0.223388	
9.99452	-0.380511	-0.000428688	0.223388	
9.96362	-0.380511	-0.000428688	0.223388	
9.93474	-0.380511	-0.000428688	0.223388	
9.8978	-0.380511	-0.000428688	0.223388	
9.99668	-0.380511	-0.000428688	0.223388	
9.96901	-0.380511	-0.000428688	0.223388	
9.9322	-0.380511	-0.000428688	0.223388	
9.90531	-0.380511	-0.000428688	0.223388	
9.99147	-0.380511	-0.000428688	0.223388	
9.96299	-0.380511	-0.000428688	0.223388	
9.93145	-0.380511	-0.000428688	0.223388	
9.90122	-0.380511	-0.000428688	0.223388	
9.99017	-0.380511	-0.000428688	0.223388	
9.9651	-0.380511	-0.000428688	0.223388	
9.92912	-0.380511	-0.000428688	0.223388	
9.8993	-0.380511	-0.000428688	0.223388	
9.9909	-0.380511	-0.000428688	0.223388	
9.9673	-0.380511	-0.000428688	0.223388	
9.93404	-0.380511	-0.000428688	0.223388	
9.8976	-0.380511	-0.000428688	0.223388	
9.97037	-0.380511	-0.000428688	0.223388	
9.97026	-0.380511	-0.000428688	0.223388	
9.93537	-0.380511	-0.000428688	0.223388	
9.9043	-0.380511	-0.000428688	0.223388	
9.96403	-0.380511	-0.000428688	0.223388	
9.96391	-0.380511	-0.000428688	0.223388	
9.93378	-0.380511	-0.000428688	0.223388	
9.90126	-0.380511	-0.000428688	0.223388	
9.9671	-0.380511	-0.000428688	0.223388	
9.96694	-0.380511	-0.000428688	0.223388	
9.93336	-0.380511	-0.000428688	0.223388	
9.90088	-0.380511	-0.000428688	0.223388	
9.96766	-0.380511	-0.000428688	0.223388	
9.96753	-0.380511	-0.000428688	0.223388	
9.93464	-0.380511	-0.000428688	0.223388	
9.89926	-0.380511	-0.000428688	0.223388	
9.96965	-0.380511	-0.000428688	0.223388	
9.96946	-0.380511	-0.000428688	0.223388	
9.9311	-0.380511	-0.000428688	0.223388	
9.9037	-0.380511	-0.000428688	0.223388	
9.96304	-0.380511	-0.000428688	0.223388	
9.96291	-0.380511	-0.000428688	0.223388	
9.93308	-0.380511	-0.000428688	0.223388	
9.89623	-0.380511	-0.000428688	0.223388	
9.97171	-0.380511	-0.000428688	0.223388	
9.97157	-0.380511	-0.000428688	0.223388	
9.93542	-0.380511	-0.000428688	0.223388	
9.90109	-0.380511	-0.000428688	0.223388	
9.97509	-0.380511	-0.000428688	0.223388	
9.97497	-0.380511	-0.000428688	0.223388	
9.93839	-0.380511	-0.000428688	0.223388	
9.90217	-0.380511	-0.000428688	0.223388	
9.9705	-0.380511	-0.000428688	0.223388	
9.97039	-0.380511	-0.000428688	0.223388	
